2 0.6153933545910489 0.5896223377416412 0.17018632535009015 0.1322813127540133
2 0.20272172660727547 0.44839099163225693 0.2000556386855446 0.1494621687014785
2 0.6539029659452753 0.43764043588719037 0.2603033426957261 0.22757388059640907
2 0.47804044728677486 0.36823093735752843 0.17171355736790747 0.26353131275401315
2 0.22292678063336516 0.2571451939162491 0.20968517735518083 0.17182849163225694
2 0.39405689330045607 0.26298683740295703 0.21628062269254417 0.20184354025277607
2 0.575343255967547 0.2693607473980082 0.1443510786919079 0.19338923111680745
2 0.26917561931095557 0.17905117141501195 0.2078681386855446 0.14987160447712727
2 0.2727769512253686 0.8100931315009202 0.1559056493475448 0.11279432835784534
2 0.5549718332272776 0.8108112630018404 0.2736385893539081 0.16581086499257686
2 0.20247463657704962 0.6711700723649516 0.09818405601527207 0.11757700361804453
2 0.46403939258436744 0.6309389772716202 0.2412260786919079 0.19846623473485217
2 0.7912558732495493 0.6590318362713032 0.15688744135899882 0.1971693283578455