2 0.62578125 0.4515625 0.1609375 0.1125
2 0.20390625 0.5421875 0.190625 0.1265625
2 0.6515625 0.6078125 0.2453125 0.196875
2 0.47109375 0.65546875 0.1515625 0.2453125
2 0.20859375 0.73515625 0.1984375 0.146875
2 0.37890625 0.75 0.2015625 0.1765625
2 0.559375 0.765625 0.1296875 0.1765625
2 0.2484375 0.81875 0.1984375 0.125
2 0.303125 0.18984375 0.1484375 0.0953125
2 0.58359375 0.22421875 0.2625 0.1328125
2 0.221875 0.3203125 0.0890625 0.10625
2 0.47890625 0.3921875 0.228125 0.1703125
2 0.80625 0.40390625 0.1421875 0.1796875