2 0.4872465650563301 0.36996005951928346 0.14585337226160816 0.1805056323171656
2 0.50838840848419 0.8012600564942213 0.1670751543940618 0.21187380698520072
2 0.6451954573761981 0.3755656857863248 0.2487176109788372 0.2795249152982612
2 0.6631056860642972 0.5615759086589618 0.2759955133278352 0.19688513212077402
2 0.6991869047232664 0.8351770351223948 0.18931386724704335 0.22450107201231545
2 0.7420466914745735 0.6706105410743233 0.21922868778015675 0.23248628883482816
2 0.7861961935861446 0.4966781373853312 0.2031203029821361 0.1620919756031114
2 0.7883486931239261 0.8122622307694728 0.16730247492717537 0.21968630698520072
2 0.17627092728880853 0.6352931262670414 0.1266487311953815 0.1647715480082102
2 0.2559511009497074 0.36705218637549997 0.18791650329870527 0.28385789129415606
2 0.29181702243252816 0.7406351321207738 0.12501202335696499 0.10852154800821019
2 0.40439226411925794 0.5022680445903646 0.2183936134861197 0.2574771984757483
2 0.46933633636823097 0.18394983664664646 0.20817151583511767 0.1746192466803503