2 0.5092112426587878 0.48768381737373545 0.3428175048941416 0.3370319902574721
2 0.38733378657567086 0.3110139975676633 0.33342265752654665 0.2915831225627203
2 0.4348461266020536 0.7614719192401745 0.33282245680090733 0.2743956225627205
2 0.2080034398410482 0.2368476148553779 0.2966121382892529 0.26595583116686256
2 0.361311912081416 0.6760895726487413 0.24077880054030495 0.23218875730360064
2 0.16622018920807605 0.36015842979018603 0.1875248257680484 0.18285123051823948
2 0.07992805826003525 0.39149597889668164 0.1598561165200705 0.2795080422066367
2 0.14331221266412997 0.7299624151796895 0.28662442532825994 0.30189333116686257
2 0.17365811154111105 0.9073510296280304 0.18590776206571755 0.1812614569792892
2 0.21762387715020765 0.9674839602289953 0.16133929328391083 0.05903190097293489
2 0.7260267535433791 0.2262439366933402 0.13487105172143127 0.15070120373287824
2 0.5650446135248457 0.2079729979747004 0.21701391832631992 0.22240465421934558
2 0.4497321267716895 0.11160828693492623 0.23538197241000383 0.2117944366867496