2 0.4734375 0.496875 0.2734375 0.2734375
2 0.5546875 0.7015625 0.2765625 0.225
2 0.60234375 0.24765625 0.28125 0.20625
2 0.7125 0.8203125 0.24375 0.2078125
2 0.65546875 0.35 0.19375 0.1875
2 0.77890625 0.71015625 0.15 0.1484375
2 0.89609375 0.709375 0.1546875 0.246875
2 0.8828125 0.35546875 0.234375 0.246875
2 0.88515625 0.16796875 0.1453125 0.1578125
2 0.86640625 0.05859375 0.134375 0.1171875
2 0.209375 0.69609375 0.1015625 0.128125
2 0.3609375 0.75625 0.1703125 0.1828125
2 0.45234375 0.88046875 0.19375 0.165625