2 0.4607242705204781 0.5016807477188893 0.3376724623907631 0.335762194147917
2 0.4871945276466141 0.720413217133681 0.32849603919208265 0.2887053561920142
2 0.6481801210744742 0.2926181382958339 0.3279959340192331 0.27151785619201413
2 0.610128259304214 0.8713619875087328 0.29187657759274244 0.2572760249825343
2 0.6738356874509523 0.4050096887326742 0.2378422954602888 0.23194490349472244
2 0.7018958736482636 0.7840438785121882 0.18487040815498562 0.1823072729857639
2 0.8159894658889894 0.8124981464639591 0.21425168276559176 0.2798005220358334
2 0.8682927296125358 0.46582382142583406 0.246047252045064 0.2992778738594447
2 0.9228080480340782 0.28493815054802163 0.14447272868809904 0.18917421561506959
2 0.9338712316576 0.1734012385039244 0.1276201978092864 0.146623039703264
2 0.15444787529761622 0.6297998688254516 0.13244409012915473 0.15141964247680573
2 0.28611776095356667 0.7258962316669795 0.21413201082055267 0.22202438962701407
2 0.342940759304214 0.8687208177230211 0.23251829796757129 0.20996080072118062