2 0.4807309373575285 0.5005901793906651 0.30898101085413376 0.30259439528454557
2 0.25054547037421526 0.5114799639538952 0.2637503980092636 0.3023105523949082
2 0.6772761459730987 0.6956983854358949 0.24672667231952303 0.30473521543677007
2 0.11125167627625199 0.6204026833078167 0.1712419934412793 0.26268036661563343
2 0.5572878725673502 0.7118579432308296 0.21385221732199752 0.21296420950527092
2 0.16127268769621272 0.7120927761974541 0.1708524898232347 0.16599636760421674
2 0.14368679726172262 0.8376684377564411 0.21105476594251646 0.21908687551288217
2 0.4882080811829206 0.8844280326232447 0.27839939620024123 0.23114393475351064
2 0.6514350995002862 0.9472556378701718 0.17694535956550989 0.10548872425965641
2 0.7722798660086296 0.9601177352084335 0.15088082654882307 0.07976452958313303
2 0.38149674072774586 0.19874649509426517 0.14323210085908267 0.11497769566510643
2 0.266953963138126 0.3188123028891998 0.20160452283992142 0.1875185405319101
2 0.11332435210227805 0.36244560326976066 0.19353971732199748 0.21213653855474385