2 0.49540932629559864 0.47583067741702756 0.2687535486994584 0.28104890860089
2 0.5398921631477993 0.2515241902373091 0.2773103425309483 0.234610556243525
2 0.662331593745469 0.6920293738595896 0.28164328652459397 0.21451638006484258
2 0.6725119740254177 0.11250669375196573 0.24189894805083548 0.1736345148871962
2 0.6962099415547183 0.5757344398230243 0.19071827759614024 0.19310795285270288
2 0.7534404200476581 0.18731194871436446 0.14790348620028232 0.1552055384608447
2 0.8872154021907507 0.1591955649254682 0.1900558043815014 0.24459767824559706
2 0.8899165724419273 0.5303620895325741 0.2201668551161454 0.2558648180303493
2 0.9378444679363376 0.6989151904421969 0.12431106412732476 0.1640711162111037
2 0.9413609801112024 0.8208993523528557 0.11727803977759521 0.13885279238978612
2 0.20738540056589758 0.34298167431665555 0.09911143019392785 0.13263702564056318
2 0.3446205734562248 0.2447711143490769 0.16560918344033873 0.18569355913900915
2 0.41079322402541774 0.10031694706173463 0.19346144805083548 0.1713785020669146