2 0.54765625 0.49140625 0.2484375 0.24375
2 0.76953125 0.559375 0.2 0.25625
2 0.32578125 0.6359375 0.1796875 0.2640625
2 0.91484375 0.7078125 0.1703125 0.225
2 0.43984375 0.68203125 0.1703125 0.1734375
2 0.82421875 0.78046875 0.1375 0.134375
2 0.853125 0.9171875 0.234375 0.165625
2 0.47734375 0.8859375 0.228125 0.2078125
2 0.30625 0.9203125 0.146875 0.1265625
2 0.18515625 0.91015625 0.1234375 0.1203125
2 0.69140625 0.2171875 0.121875 0.0859375
2 0.78359375 0.36484375 0.165625 0.1484375
2 0.92578125 0.44609375 0.1484375 0.178125