2 0.54140625 0.47903456294475905 0.171875 0.29406355172849497
2 0.58359375 0.8966683438235714 0.06875 0.07856292069139811
2 0.6140625 0.9742488083924126 0.15 0.05150238321517477
2 0.6875 0.1996917069139797 0.15 0.2887395542357774
2 0.68515625 0.9507718559642722 0.0828125 0.0984562880714556
2 0.78671875 0.10414117768451994 0.2125 0.1389956185006846
2 0.74765625 0.7373795750189529 0.390625 0.4238660266556703
2 0.82890625 0.3647437085633324 0.3015625 0.4025245725781774
0 0.4953125 0.7175371217993899 0.1375 0.1665008413827959
1 0.55 0.07928461553118375 0.146875 0.130836126022532
0 0.5203125 0.2252957975053528 0.125 0.1770746285298145