2 0.48765643527491037 0.4318066841937691 0.1900985769216895 0.29987824852966194
2 0.3852293719975628 0.8389341887163247 0.0739512303552928 0.08180992198083885
2 0.3409036372990437 0.929753940525347 0.1540026033908221 0.09379866689245589
2 0.38433011228216235 0.13901383310754384 0.16807802770747776 0.2780276662150877
2 0.2773462514432329 0.8766975395754073 0.08910534946188076 0.10598440637700648
2 0.3000214247309404 0.04578613353708514 0.21879284946188077 0.09157226707417028
2 0.2465542080199894 0.6527620725920942 0.4163785947043698 0.439549337402957
2 0.22009429197550143 0.2696187019453079 0.3263700248119936 0.41456926956056117
0 0.49826441128697707 0.6763788777713339 0.14826633374611511 0.1714323439616777
1 0.5365411215877872 0.05124383819592647 0.1543322431755744 0.10248767639185294
0 0.5450172092628437 0.18367239936805996 0.13627575599585598 0.18171474672063964