2 0.29318483509452237 0.49310834147128446 0.4235577581914235 0.5675953820275698
2 0.8418485523098186 0.7099944493757284 0.25620558996629617 0.2668654173624308
2 0.4635826517440845 0.7430141564414232 0.1856385599120669 0.22147887575930572
2 0.17921375956616564 0.8301563594230554 0.3584275191323313 0.27718728115388913
2 0.7553423839864953 0.9440077330950688 0.1910704275949012 0.08099934612402784
2 0.4687722050168519 0.12728658577170127 0.3937055899662962 0.25457317154340253
2 0.1725784610669761 0.14721983890583332 0.27359307786604775 0.29443967781166663
2 0.7715421601318997 0.30777929236562435 0.45653388465485667 0.5964841014423614
2 0.3078932714700223 0.24748671694624974 0.20108175273047452 0.19059255167111128
2 0.13915996091968233 0.30846385058934017 0.27831992183936466 0.42834843123013916
2 0.5141654764868743 0.37313676111482597 0.20756810206654458 0.23136302203583342