2 0.5128714372249684 0.32517033412359664 0.5413969101132933 0.39165847127872633
2 0.6504113161235295 0.89298751865605 0.2469227154367699 0.2140249626879001
2 0.7359083947158919 0.5388521330827999 0.20818386760421675 0.173063443011738
2 0.8649061225099516 0.25514991971753126 0.24340507908665393 0.3869555246489438
2 0.9150123269979445 0.8700180031637593 0.11038303756616089 0.18352955223856354
2 0.11938005828922624 0.42760377883281525 0.23876011657845247 0.3802075576656305
2 0.16383966551331963 0.13750440128862396 0.32767933102663926 0.25313380257724793
2 0.2692315251716899 0.7762725729307786 0.5384630503433798 0.44745485413844294
2 0.26822744068500953 0.29590780076822554 0.1747002055509382 0.19313692559888337
2 0.35216072479112903 0.13824246494714829 0.4126750494291588 0.255501886023476
2 0.3639060607235032 0.5224879901619189 0.2153888725471326 0.19682849163225705