0 0.13741191542982464 0.815182005995856 0.11268839867609244 0.10970894789030439
0 0.11611934388030946 0.6183947431755744 0.23223868776061893 0.3399144863511488
0 0.7062603070766038 0.9885938889561828 0.13692211124870504 0.022812222087634382
0 0.45290236807313056 0.09312518527491036 0.1785702638537389 0.15175520678164428
0 0.46821053680821495 0.21832639247083946 0.09433650496239884 0.08390842721213972
0 0.911894108562618 0.4253321412279852 0.14608309553293922 0.12373721463952717
0 0.702178698513986 0.6246107415184354 0.12835194003242129 0.14473891935425698
0 0.6188161966519591 0.41403065239563686 0.06635705417661039 0.08572348428423435
0 0.8323821987188736 0.2329391259265042 0.11675946856846871 0.13016699710451585
0 0.49476872870266303 0.2868966100058507 0.10553087014004525 0.1234075748547749
0 0.016457484079346517 0.7530543794456701 0.032914968158693034 0.16860875889134022
2 0.7659692549669079 0.9023954472666225 0.13678517824559702 0.19190501778268043
2 0.31494191005314115 0.7522026246881591 0.17559512117350257 0.2217766083532208
2 0.7807318457423362 0.4677657361417519 0.10324062406898663 0.10770980024766903
2 0.5884308757261256 0.5284912586819431 0.145175566996892 0.1377269400324213
2 0.4462625306074711 0.7904197162921569 0.11839474317557439 0.1318022717116218
2 0.5959456993425555 0.9046319578151018 0.21629289578060842 0.19073608436979655