0 0.7087725048815509 0.8842422572406405 0.10121081050398359 0.09645792401336309
0 0.8431976660060375 0.7232491185550961 0.2682405007914227 0.3077056013685439
0 0.09232079077492825 0.8898522933243186 0.12344952335696499 0.10921246268299925
0 0.7203699874635877 0.10102976790264084 0.16323944906292773 0.1346669960216354
0 0.6509871531404208 0.21437519991250403 0.08646634890464337 0.07285679201145401
0 0.14620036473976095 0.2436943613144554 0.16076766693047428 0.10339881468808994
0 0.26794629875899406 0.5064296239656378 0.11158602084968257 0.13094201201463562
0 0.43196803167023523 0.3419660399427299 0.056960705331134065 0.07876134667409058
0 0.31152618487716294 0.09719043662477465 0.10180184389007838 0.11677042401336302
0 0.5986494148189033 0.26890870591982186 0.09233591567683312 0.11353633601209037
0 0.08134693989172785 0.05610400198918232 0.04804034639736088 0.09427725867281789
0 0.8941106113080416 0.8883377692155054 0.12012594655564542 0.15603291868236296
2 0.08914666349875498 0.7539057026575459 0.13864862602253203 0.14843859468490822
2 0.412720555818623 0.7548296666136387 0.09942098997087001 0.08862724267981754
2 0.17760714060400837 0.32929550664386464 0.09647784639736087 0.09484088001272664
2 0.5637291263517363 0.7608876679265034 0.1504499440483631 0.1782533640197265