0 0.7894280294478466 0.7810608972203534 0.10548889342673622 0.10696705223856355
0 0.8579091917762842 0.5878597738600335 0.26214285619201405 0.33366010628614956
0 0.1985822110592353 0.9556004675491401 0.1312149388295834 0.07242163387576923
0 0.5647151570101041 0.05922343453245334 0.17049695079743063 0.11844686906490667
0 0.5336807497156595 0.1694461250578005 0.0908445119678472 0.08123006784239584
0 0.06912859365548599 0.35478599728646654 0.13825718731097197 0.11855300542706697
0 0.252950241263194 0.5641632400503773 0.12035148043270842 0.14207903663473137
0 0.3607484767298955 0.35797743781181374 0.05970361474138901 0.08427982473980081
0 0.17089046219659706 0.16739113862546778 0.10908667211208342 0.12744332654882315
0 0.49934081088607607 0.23679075531552524 0.0995662017473613 0.12070200361804462
0 0.9443889395920827 0.7276825124400729 0.07878222948277766 0.16643058344622794
2 0.1552705817845479 0.8384848886254679 0.12613000816812514 0.18919969810012063
2 0.6209702765980549 0.7102990971294963 0.16268575721819456 0.217645602668105
2 0.19348758833715243 0.40341716983313225 0.09764002583555564 0.10499511646291496
2 0.37678909118694404 0.4734010419502567 0.13888327488562516 0.13368668249628843
2 0.48603157893475635 0.7415601424706549 0.11068553970326392 0.129087713703953
2 0.3207494582094437 0.8696076566041493 0.20345622758291687 0.2260246687014785