0 0.7421875 0.85859375 0.0859375 0.0828125
0 0.8546875 0.6796875 0.21875 0.2734375
0 0.1328125 0.95390625 0.1078125 0.0921875
0 0.653125 0.08046875 0.14375 0.1109375
0 0.59921875 0.20234375 0.075 0.0609375
0 0.10390625 0.3046875 0.146875 0.0796875
0 0.2578125 0.54765625 0.090625 0.1171875
0 0.39921875 0.3609375 0.04375 0.071875
0 0.2484375 0.1359375 0.0828125 0.1046875
0 0.5546875 0.2640625 0.0734375 0.1015625
0 0.015625 0.128125 0.03125 0.090625
0 0.92578125 0.8359375 0.0953125 0.1421875
2 0.103125 0.82109375 0.134375 0.128125
2 0.4328125 0.7734375 0.0859375 0.075
2 0.1453125 0.38515625 0.08125 0.0828125
2 0.5828125 0.75703125 0.121875 0.159375