0 0.74140625 0.1234375 0.0890625 0.0859375
0 0.85234375 0.2953125 0.2296875 0.28125
0 0.1328125 0.0671875 0.1125 0.1015625
0 0.646875 0.90703125 0.1484375 0.115625
0 0.5953125 0.78984375 0.078125 0.0625
0 0.09921875 0.721875 0.1484375 0.084375
0 0.25546875 0.46796875 0.0953125 0.1203125
0 0.3953125 0.6453125 0.0453125 0.0734375
0 0.24296875 0.8796875 0.0875 0.1078125
0 0.55078125 0.73125 0.078125 0.103125
0 0.0140625 0.9046875 0.028125 0.0921875
0 0.928125 0.1328125 0.1046875 0.1453125
2 0.11484375 0.2203125 0.090625 0.16875
2 0.5890625 0.234375 0.1234375 0.1890625
2 0.225 0.640625 0.0796875 0.0859375
2 0.39140625 0.52734375 0.1171875 0.10625
2 0.45234375 0.2359375 0.0890625 0.1078125
2 0.2703125 0.15 0.165625 0.1875