0 0.6742615994618808 0.07037858085514011 0.10458480024766903 0.10309507485477484
0 0.8259975355653605 0.21833442969784828 0.28159687220695984 0.3218194578151016
0 0.06281683126491566 0.12156247684063622 0.11922949710451589 0.11625004631872757
0 0.7715864030148094 0.8487903711780117 0.16883139081820958 0.14350605913900907
0 0.6899296805173994 0.7429813269261987 0.08935790653397539 0.0774401033908223
0 0.184169832088976 0.7602739123249436 0.1643236732831983 0.11367300992479734
0 0.27637648697032147 0.48742926364885103 0.11712334160399784 0.13797949710451576
0 0.4578726976809072 0.635564894956548 0.05988873035529281 0.0807448858558109
0 0.3648291348178444 0.8904407936326404 0.10709337014004508 0.12348034946188094
0 0.6320229811793532 0.6932210754784566 0.09750004631872748 0.11835620181924558
0 0.13899653494167888 0.9502846362700957 0.052658427212139716 0.09288101282028123
0 0.8580544026050339 0.06549962479511222 0.12766273531769165 0.13099924959022444
2 0.07539822208312526 0.25720887841221274 0.13362163688926815 0.15745724317557447
2 0.3934204760120667 0.22673785856261786 0.10265842721213972 0.09520980024766904
2 0.20513084139460086 0.6723907686112498 0.09982452564056317 0.1013142510334573
2 0.5428382791552198 0.20725149628045555 0.15836907981717357 0.18667386228216235