0 0.8621005450813438 0.05559799454968719 0.11302724082661797 0.09193405601527202
0 0.8220190258508169 0.8209599125557323 0.11781473477649378 0.10917610001590852
2 0.07186747228346176 0.4007534306572277 0.14006243949875796 0.17349313868554467
2 0.21132085772388534 0.46632279197168314 0.13358518052176754 0.13435791335136288
2 0.4484304931643089 0.5307558199395482 0.10055451190385671 0.09647610534690845
2 0.6637838241536146 0.7501399772438223 0.13956246974937905 0.08755563868554468
2 0.8056935473208391 0.5664451352244141 0.12430108411256384 0.14987382535009014
2 0.8719356499765588 0.40316333788196 0.12403746369925486 0.10456132535009015
2 0.4421588090283041 0.7956904766072755 0.14283291549465282 0.1125920013526354
2 0.5557895169720222 0.7201444892584579 0.13972609621281223 0.11568063868554468
2 0.3273538821207739 0.26652169195577474 0.10050906010845857 0.08866360534690845
2 0.9326021909130932 0.5196326752069149 0.13479561817381375 0.13284995735199914