0 0.12161912044097216 0.08387419396136273 0.11784342306201397 0.10069782092583343
0 0.17494730214927015 0.8504666885846792 0.12293096656500006 0.11810364474715129
2 0.9175615211828122 0.42987409201377347 0.14938567021222227 0.18176803846084474
2 0.7799511119885065 0.4954177011955639 0.140700348023889 0.14390416542531542
2 0.5430492176118398 0.5594651228261324 0.10541615824437507 0.10324062406898663
2 0.33145318170829796 0.7795463746881591 0.1442968202884723 0.09724748924663303
2 0.18636215330729117 0.5952526497095498 0.13168902393569457 0.15909251778268044
2 0.11741539760770799 0.4324936304791274 0.12907186379145844 0.11370724317557439
2 0.5540724109067355 0.8251093935042967 0.1480037017473613 0.12239303846084475
2 0.4393027025098605 0.7493751852749104 0.14651393692972228 0.1254452638537389
2 0.660260127090486 0.2951008699306482 0.10523432028847246 0.09542812406898663
2 0.0647482585493748 0.5485873573197636 0.1294965170987496 0.14092471463952716