0 0.96796875 0.794404722736355 0.0640625 0.12649107123840295
0 0.228125 0.8662471683123613 0.128125 0.13735714247680555
2 0.4265625 0.44352210239229206 0.0953125 0.13503092306201409
2 0.2671875 0.6968438580918752 0.1296875 0.1436435100679862
2 0.48515625 0.7980108870615629 0.0765625 0.0908445119678472
2 0.36171875 0.6607628473582989 0.090625 0.14273432028847227
2 0.27265625 0.5657211446610072 0.08125 0.087828614741389
2 0.1625 0.501438479482778 0.090625 0.12398432028847228
2 0.44765625 0.18463806487322956 0.1578125 0.21773562670923624
2 0.8296875 0.2357174409168757 0.284375 0.4394314015948614
2 0.66640625 0.3006670276385075 0.1328125 0.09996624525034736
2 0.5875 0.09179921428388939 0.36875 0.1648327515186114
2 0.6265625 0.6723959040634033 0.1703125 0.23052656743868064
2 0.64140625 0.8477413961796186 0.1765625 0.15567203780340294
2 0.68828125 0.5058636739150353 0.1359375 0.1625389804327085
2 0.53046875 0.516253047205799 0.1171875 0.10116506933854179