0 0.146875 0.06328125 0.1109375 0.0921875
0 0.19140625 0.83046875 0.1171875 0.109375
2 0.578125 0.5609375 0.121875 0.075
2 0.35234375 0.7625 0.1234375 0.109375
2 0.2203125 0.5640625 0.0796875 0.0640625
2 0.37421875 0.6625 0.13125 0.06875
2 0.48125 0.734375 0.075 0.06875
2 0.5609375 0.83203125 0.1109375 0.071875
2 0.8296875 0.4953125 0.1953125 0.1265625
2 0.728125 0.125 0.415625 0.215625
2 0.6828125 0.2984375 0.0765625 0.121875
2 0.91875 0.3375 0.1359375 0.35
2 0.32265625 0.403125 0.20625 0.1359375
2 0.14765625 0.41875 0.1265625 0.15625
2 0.47734375 0.3125 0.1421875 0.1125
2 0.490625 0.47109375 0.08125 0.1046875