0 0.7211459073971187 0.9589871712285504 0.12835737336031983 0.06551700668363551
0 0.8489819753510564 0.21810708521645994 0.14108974672063965 0.12968859468490823
2 0.4112385566495778 0.421517179941139 0.13780761646291495 0.09685791335136287
2 0.6766222964728124 0.2591513505729134 0.1474216338757694 0.13132382001909004
2 0.761292788332212 0.47600194855986855 0.09307497060135787 0.07759883601209036
2 0.6333868735874624 0.35412804324477676 0.1453744549975255 0.09226132001909004
2 0.5450856914298583 0.26614733259073076 0.09019563206674697 0.08224997334499946
2 0.4891399858665058 0.15670924526577584 0.12662445499752567 0.0920431440165447
2 0.1507580800553261 0.44562903130968295 0.22233310266810494 0.16030334269572588
2 0.1983910758714546 0.8271693853039558 0.3967821517429092 0.2894112293920884
2 0.2502313783371608 0.6630881566279563 0.10383540818602892 0.13393974267981754
2 0.06756155698826201 0.5865909333227277 0.13512311397652402 0.3705681333545446
2 0.6249757507929695 0.6189081585773677 0.23548819990914288 0.1729487933640895
2 0.7991978228192369 0.6317155992202779 0.1608157485296619 0.17832608935390812
2 0.4537724581653443 0.682581401933503 0.16649918249628842 0.1377919960216353
2 0.4761055608334493 0.5246052699315941 0.10457903663473153 0.11833292401336308