0 0.38203125 0.76171875 0.1 0.1484375
0 0.8 0.71484375 0.109375 0.121875
0 0.6890625 0.85625 0.078125 0.121875
0 0.95 0.56796875 0.0765625 0.1671875
0 0.35859375 0.07265625 0.065625 0.1
0 0.128125 0.915625 0.0796875 0.075
0 0.81015625 0.0359375 0.0484375 0.0703125
0 0.38359375 0.3171875 0.0703125 0.096875
0 0.45 0.709375 0.0609375 0.0625
0 0.4515625 0.6078125 0.05625 0.08125
0 0.7703125 0.421875 0.090625 0.0703125
0 0.85546875 0.27734375 0.0453125 0.0921875
0 0.44375 0.878125 0.0796875 0.0953125
0 0.51875 0.13515625 0.0625 0.0921875
0 0.3 0.071875 0.0390625 0.1046875
0 0.634375 0.60546875 0.10625 0.140625
0 0.53125 0.4171875 0.09375 0.1375
0 0.45703125 0.45234375 0.1109375 0.1296875
0 0.02890625 0.94296875 0.053125 0.1140625
0 0.76796875 0.4984375 0.090625 0.0953125