0 0.36873539976170927 0.7528268739563538 0.10259098620028233 0.15076502583555573
0 0.7875223559302194 0.6962235433155548 0.11150233603812651 0.12442073138263901
0 0.6741166006552137 0.8402118922893743 0.08025233603812651 0.12369337955902786
0 0.9400860685915514 0.5458572545622215 0.07948076866768616 0.1689695119678472
0 0.3573255304388092 0.06430988782406219 0.06737050649282175 0.1015274388295834
0 0.11214270617510078 0.9126428575231944 0.08099662986961631 0.07685474715020817
0 0.8095289586041421 0.026400425818089945 0.049664809252765355 0.05280085163617989
0 0.37805722159308097 0.30825925636517326 0.07200345941492108 0.09851154160312507
0 0.4376178133165457 0.6989011337399995 0.06202844155801372 0.06391833605604162
0 0.4409530933483177 0.5973022661488191 0.05766822402541756 0.08255923328249999
0 0.7629486444834083 0.4039457775479855 0.09185230925276536 0.07242182028847229
0 0.8506276968363146 0.2574324938286451 0.04692163879807012 0.09324216014423614
0 0.42842227110990894 0.8677966041047218 0.0813511858759707 0.09716724715020852
0 0.5163908388807956 0.1230822097280551 0.06410913879807012 0.09364220364722228
0 0.29874541720828435 0.06489242249333307 0.040889827109672795 0.1055966897795139
0 0.6238065036567433 0.5907035079806939 0.1087046185055307 0.14309799620027785
0 0.5239679651002592 0.40482251899861066 0.09615007142762995 0.13968205547083343
0 0.4491355604738766 0.4417062295796871 0.11320120373287815 0.13226959897381949
0 0.020002326707578615 0.9422959495631597 0.04000465341515723 0.11529899810013902
0 0.7592684910748415 0.4805628289347563 0.0922886858759707 0.09742182028847228