0 0.7404557562052531 0.34177775684572015 0.1564383986760925 0.11086319863085592
0 0.6881032741973303 0.7626460137658023 0.1303125463187275 0.11915585969555131
0 0.8309885951231637 0.6414183181006959 0.12885705417661059 0.08790585969555131
0 0.5394559507902975 0.9238766269213947 0.1741695541766104 0.08975220258518846
0 0.05147895512901447 0.37066798566554393 0.10295791025802895 0.07288835475263547
0 0.8970312036812725 0.07729480969773891 0.08198205417661057 0.08599584980971957
0 0.022775950580900504 0.8238712401141683 0.04555190116180101 0.054491181824941747
0 0.2951239855270886 0.37707851726302455 0.1034204065339753 0.07751218775644109
0 0.6871808988854895 0.41412760072394067 0.06697348428423418 0.06511034684397003
0 0.5854000750641719 0.42295345547657603 0.08557793507002262 0.06274935079830275
0 0.39526295678615353 0.7550841590503479 0.07780397642635144 0.0967423488211363
0 0.24963577957401378 0.8514710222059403 0.09600601282028158 0.052257519771663395
0 0.8557318457423364 0.39478339863304357 0.10229455417661057 0.08682352076024662
0 0.1111941335840085 0.5257109713310879 0.09680653349844599 0.0694450197716634
0 0.05214356193204941 0.3122015696579328 0.10428712386409882 0.046516855741218596
0 0.5807916960327866 0.6056067879860901 0.14891699710451575 0.11679486364988403
0 0.3930798343697967 0.5173440785180002 0.14520980024766902 0.1041675296574951
0 0.4294219028144308 0.4402258215979181 0.13819782092583352 0.12103669467652338
0 0.9255800428040709 0.0033943250579591662 0.11758991439185813 0.0067886501159183325
0 0.47204378060747104 0.7472769762368228 0.10280397642635145 0.0977610207602467