0 0.6808135566155726 0.4796875 0.2475397212288776 0.2875
0 0.3895213461864685 0.125 0.2036408990890261 0.19375
0 0.8148115559826007 0.35703125 0.16049109981466572 0.2109375
0 0.5588467542611693 0.20859375 0.1875992368379741 0.2265625
0 0.8128422842982361 0.16640625 0.18069447241000383 0.2078125
0 0.12425598865207263 0.26953125 0.17502482576804845 0.1796875
0 0.5475224292957291 0.8015625 0.26657740870767305 0.20625
0 0.6648288810328588 0.0890625 0.10452878729346118 0.1296875
0 0.3059251732204612 0.55 0.15641866950744615 0.1390625
0 0.507455446085952 0.6609375 0.12700398801910034 0.146875
0 0.1448462855641805 0.41171875 0.14139387023308556 0.15625
0 0.24450897966639795 0.3796875 0.17513395317271013 0.1828125
0 0.5416989158792491 0.053125 0.12714783175849825 0.10625
0 0.2446479443566715 0.94296875 0.13992065027015244 0.1140625
0 0.8463864158792491 0.053125 0.18027283175849823 0.10625
0 0.9492981394703793 0.18125 0.036850213972483205 0.115625
0 0.2759970487262064 0.18515625 0.1444643065307547 0.1546875
0 0.05109130716372691 0.27734375 0.08941470798203358 0.1890625
0 0.9474132522154026 0.9 0.10517349556919484 0.0828125
0 0.7889138103285879 0.890625 0.0682440577118811 0.075
0 0.2852133029025577 0.06875 0.09820437622353531 0.0828125