0 0.46558527214770057 0.35895139247083946 0.281021854623989 0.229923056243525
0 0.8734820737843139 0.5547991633538917 0.1876885168750409 0.19281685442427943
0 0.5541815245947713 0.19718344664744986 0.20636410580511538 0.1468879243166556
0 0.75490074329176 0.40998746939252884 0.22291668874473985 0.1741781703877141
0 0.7380952223251859 0.15175543837528227 0.20400299763774718 0.16861737510244387
0 0.793501874787955 0.8507794433376809 0.17576887023308566 0.1641824321745382
0 0.18361847641671902 0.5680544489237614 0.19773812867060608 0.25724322745980877
0 0.8463938172457098 0.277307710086904 0.1266021947351895 0.09637419396136275
0 0.4811506969278064 0.7423289727022977 0.13309029691210802 0.14815501778268042
0 0.3297940719702154 0.5725151246881591 0.14293652286549072 0.1174144400324213
0 0.6513590148064884 0.8652870913946009 0.15280259618646852 0.13191358767505648
0 0.6597295647138213 0.7600366652159185 0.17894843393541643 0.1658904813887503
0 0.9145312036360462 0.3876865920137734 0.1134127139724832 0.12071922249741007
0 0.09755940301092333 0.9036601550862333 0.14655259618646846 0.13162248924663303
0 0.856302074502104 0.10561464660466864 0.13427085099579195 0.13729029238978616
0 0.8416641001931836 0.6816506077295392 0.14978672359113004 0.13489303846084474
0 0.807442834499269 0.9420206997500763 0.18674108656782168 0.11595860049984737
0 0.01844741043695349 0.20176370719592907 0.03689482087390698 0.10040241439185812
0 0.04316463512439201 0.35492724855225793 0.07400298439090337 0.06428513192686944
0 0.9462896020072822 0.6434849817985258 0.0687896947351895 0.0936815334984459