0 0.50859375 0.66484375 0.2578125 0.1953125
0 0.1109375 0.45234375 0.1671875 0.1703125
0 0.41171875 0.82265625 0.1921875 0.121875
0 0.221875 0.6015625 0.2046875 0.146875
0 0.225 0.86015625 0.1859375 0.14375
0 0.20625 0.1609375 0.1578125 0.14375
0 0.80078125 0.4671875 0.16875 0.234375
0 0.1234375 0.73046875 0.1171875 0.08125
0 0.5125 0.28125 0.1171875 0.1328125
0 0.65546875 0.45703125 0.13125 0.1
0 0.34921875 0.1515625 0.1390625 0.1140625
0 0.33515625 0.25625 0.1609375 0.14375
0 0.06171875 0.61796875 0.1 0.1078125
0 0.9046875 0.1359375 0.1328125 0.1140625
0 0.10234375 0.9203125 0.115625 0.159375
0 0.26328125 0.99140625 0.115625 0.0125
0 0.15 0.32734375 0.1359375 0.1171875
0 0.19765625 0.06640625 0.175 0.096875
0 0.96640625 0.840625 0.0671875 0.0921875
0 0.9296875 0.6859375 0.0671875 0.0546875
0 0.0375 0.3609375 0.06875 0.084375