0 0.17031775864247461 0.8543005756832305 0.06803459765100213 0.0851041754978958
0 0.08228994358614455 0.4898139789486078 0.052864238717228916 0.10018353847458741
0 0.01617423244902275 0.1527157722325186 0.026710915676833043 0.11331845553496285
0 0.7828569302583095 0.2698386854950609 0.09104620031656907 0.12493056733052796
0 0.8437466176427548 0.34669879665765385 0.08783027210332364 0.12169643992586625
0 0.6724075120741939 0.18297858095588998 0.10055759263643722 0.12994544954451306
0 0.5657747303374517 0.3079190719702153 0.11253607007089492 0.3270387043538364
0 0.6098536877801568 0.21018841090028967 0.07673965940862679 0.1696974303072194
0 0.6376079294003796 0.43835805091882313 0.11681909012915473 0.15236608656782166
0 0.4493995725781774 0.2861755359426986 0.04846624373179385 0.056324411069925695
0 0.321187588346788 0.932710773961799 0.13769387978345565 0.11875497840045383
0 0.8227902938109362 0.056510306276300694 0.06651756175762494 0.08661211179556508
0 0.41998955423577744 0.13548605517999235 0.07877352084968266 0.1323065577118811
0 0.9998435049480581 0.857703240126899 0.00031299010388394775 0.08837301923729371