0 0.02996998221731969 0.3000552045971528 0.05993996443463938 0.08761040919430556
0 0.0711598308551401 0.6719133272223264 0.0640325748547749 0.10138196846486114
0 0.10288059595173327 0.979306946713368 0.09578768899896399 0.041386106573263956
0 0.8031782723353036 0.605266874712466 0.10276974317557475 0.12881729065319458
0 0.8326175233687607 0.5105362561713549 0.10106169396136266 0.12565592306201392
0 0.7309864410703878 0.7279400020872923 0.11236306699689198 0.13372299620027786
0 0.5874226856937044 0.6534276985163199 0.14943934367091244 0.32656511284152784
0 0.6637989410703878 0.7263761956665284 0.09543243217453838 0.17234908510611113
0 0.6068726606723137 0.5044998892457644 0.13064218610347994 0.15756053970326392
0 0.4866371275881525 0.7183422240675352 0.054255160462916764 0.05901263050895835
0 0.13234796546809668 0.16419239941065983 0.15008139081820962 0.13928331838861124
0 0.9167205798216826 0.7870097968245494 0.07446065260503403 0.09069904160312525
0 0.5124632653059902 0.8691059434823268 0.09368584160399784 0.13484908510611113