0 0.75390625 0.9015625 0.078125 0.05625
0 0.378125 0.9265625 0.0953125 0.0375
0 0.04140625 0.96484375 0.0828125 0.0703125
0 0.325 0.2 0.1171875 0.071875
0 0.41484375 0.153125 0.1140625 0.06875
0 0.21484375 0.29453125 0.1203125 0.08125
0 0.3125 0.4203125 0.321875 0.059375
0 0.22734375 0.36015625 0.165625 0.05
0 0.45625 0.371875 0.1390625 0.09375
0 0.2640625 0.53125 0.053125 0.040625
0 0.871875 0.7671875 0.115625 0.1203125
0 0.1265625 0.125 0.08125 0.053125
0 0.11015625 0.53515625 0.125 0.059375
0 0.959375 0.03984375 0.08125 0.0796875