0 0.2128856788262557 0.13931094190984816 0.08654371572854584 0.06888577886860796
0 0.5802482130977099 0.09686219155691231 0.10116765785015555 0.05260833148532649
0 0.9078502973550467 0.06689105440050838 0.09070059471009344 0.033312299915295406
0 0.7508803755742527 0.8207763756448399 0.12835178413027998 0.09156441567207593
0 0.6697815649944392 0.8721120915145602 0.1249537683452644 0.08669490514873246
0 0.8439562704114028 0.7210864597610023 0.13358531570031076 0.10121243145709169
0 0.727111133678522 0.5998268388131369 0.331931810438639 0.11120759968941644
0 0.8215205573136931 0.65671314662094 0.17422572625188976 0.07710707352223149
0 0.5932968467762318 0.6550996257860142 0.15471686305535765 0.11645799985882554
0 0.7571409969456411 0.48712171246242536 0.06045165258848364 0.04867969468185844
0 0.11826967079257358 0.27939834463950614 0.13576944198043533 0.1387124314570916
0 0.957372727249665 0.886649817554688 0.08525454550066983 0.06594278939195171
0 0.909082928543907 0.47572772810626657 0.135436242036905 0.07951944198043534
0 0.1485120516990853 0.9818338289250779 0.09133763154179624 0.036332342149844266