0 0.67265625 0.9312274914818787 0.0875 0.07183981818121907
0 0.29921875 0.8900896172910098 0.1 0.05643300649282175
0 0.38515625 0.1651520726487412 0.128125 0.09442393019392785
0 0.4828125 0.13454122646434494 0.125 0.09124438311602719
0 0.259375 0.23922259253424355 0.134375 0.10547052434972919
0 0.33125 0.3801555097425279 0.3265625 0.12601266964062105
0 0.259375 0.30641009253424356 0.171875 0.0842500892845374
0 0.48125 0.3572247500032953 0.1546875 0.12145008035608366
0 0.2625 0.48135554545634285 0.059375 0.05103639448011297
0 0.8140625 0.8193842362068728 0.1359375 0.14299779788867967
0 0.2046875 0.05736466639750546 0.090625 0.06876936525911972
0 0.1109375 0.4582198287345259 0.134375 0.08515802434972919