0 0.0984375 0.19375 0.05625 0.075
0 0.0734375 0.56796875 0.0375 0.09375
0 0.03515625 0.91484375 0.0703125 0.103125
0 0.8 0.66328125 0.071875 0.1125
0 0.846875 0.5765625 0.0703125 0.109375
0 0.70546875 0.76796875 0.08125 0.115625
0 0.5796875 0.66328125 0.059375 0.31875
0 0.63984375 0.7515625 0.05 0.1625
0 0.628125 0.521875 0.09375 0.1359375
0 0.46875 0.7046875 0.040625 0.05
0 0.2328125 0.08359375 0.1203125 0.109375
0 0.875 0.86640625 0.053125 0.078125
0 0.46484375 0.85859375 0.059375 0.121875
0 0.96015625 0.03828125 0.0796875 0.0765625