0 0.7915950640172834 0.47694185736475986 0.175545421544777 0.09986113466105592
0 0.13726260890223568 0.30451883049255385 0.13810905405833437 0.10948910580511537
0 0.8025159459416656 0.07664175700194012 0.09259656615858276 0.0735317584375205
0 0.10750991374613698 0.7195361952833438 0.10851245764913058 0.12407739546082901
0 0.011367729413740469 0.6792237085301878 0.022735458827480938 0.04467758293962447
0 0.6012058924725064 0.5773213471979588 0.07228406615858277 0.0728224303072194
0 0.8638064073032293 0.41661942705754046 0.1334306444174139 0.11088791469812272
0 0.23941650312325796 0.06506197169221364 0.11618860226293633 0.10091271397248333
0 0.5686444191088901 0.2668029986492376 0.12699883723582167 0.07941965988879929
0 0.9000286909716959 0.7691888663504345 0.10186248184962743 0.055109140651505586
0 0.4034274435057787 0.4709696873939775 0.15858518052176757 0.1383234339354164
0 0.26302061212368955 0.4383804206037546 0.12082156010845857 0.09170140507947586