0 0.353989134949091 0.7812078307208612 0.10550508930724707 0.176109061346272
0 0.44601117903801724 0.10056690539463353 0.11434946828879458 0.14029883068109023
0 0.011615250282348676 0.6409613546705908 0.023230500564697353 0.0944227093411815
0 0.835006518627613 0.2270508734484038 0.12824536831702957 0.11079314401654469
0 0.8403604185146737 0.10828269211485834 0.04684417889684269 0.05363407733927246
0 0.5178303690229011 0.6392668734086329 0.0761522472985769 0.07427384134309048
0 0.2716169797297715 0.8263743327100436 0.11563895250377901 0.13562951201463563
0 0.18926065009882204 0.10617891669318061 0.10526289462538867 0.11833292401336304
0 0.24729660309671125 0.492271505370771 0.08393392619541977 0.1274533853437269
0 0.5796052430251255 0.9707328600413618 0.05694722099021767 0.05853427991727642
0 0.4958243793344833 0.41307654340386046 0.1436575366905286 0.16093859468490823
0 0.5198673660391293 0.2687271067393148 0.09763240514873246 0.12136701734563582