0 0.3078125 0.04765625 0.284375 0.0953125
0 0.290625 0.17578125 0.115625 0.1109375
0 0.1484375 0.16875 0.225 0.271875
0 0.8578125 0.2078125 0.184375 0.1453125
0 0.621875 0.8484375 0.096875 0.0765625
0 0.52109375 0.8234375 0.1234375 0.0796875
0 0.4296875 0.77265625 0.1125 0.1109375
0 0.4453125 0.6640625 0.13125 0.0953125
0 0.4109375 0.85859375 0.078125 0.06875
0 0.6671875 0.2546875 0.1484375 0.0796875
0 0.428125 0.54375 0.1046875 0.075
0 0.25390625 0.596875 0.11875 0.0890625
0 0.15625 0.4125 0.146875 0.1140625
0 0.2578125 0.49296875 0.090625 0.059375
0 0.0375 0.58984375 0.075 0.0734375
0 0.12265625 0.55625 0.1203125 0.0859375
0 0.3515625 0.8375 0.1 0.0953125
0 0.6265625 0.928125 0.10625 0.0859375