0 0.6392376269689799 0.944389416573868 0.2903767510334573 0.0986396840388167
0 0.6653357082338955 0.819934309237777 0.1224272717116218 0.11386360001590816
0 0.8070865605912605 0.8276548078851416 0.24249583085063087 0.2776726560311804
0 0.10089437262575374 0.7843375426480008 0.19441358767505643 0.15061926002545328
0 0.37742502502139064 0.1447461419478206 0.1020762303552929 0.07927042401336304
0 0.4761514693970382 0.1709262866009121 0.12878427956950453 0.0827045066836356
0 0.5643385200589919 0.2222155192552763 0.1193022717116218 0.11382723734881743
0 0.5421295721686877 0.3302280139242762 0.13732452564056316 0.09842041335136287
0 0.5886536234498141 0.13604166191918554 0.08296235731976367 0.0712397480108177
0 0.2943383116247177 0.7383603292886839 0.15385705417661039 0.08455790802036275
0 0.5513332901179838 0.4511490412555945 0.10981595574818712 0.07779883068109025
0 0.7286620775453712 0.3991127318985047 0.12453342721213971 0.09202496268299924
0 0.8145331492997743 0.5839502612190053 0.15389559553293922 0.11891472668681721
0 0.7183902034763847 0.5023013665659137 0.09502570967712849 0.06201019867918127
0 0.9430691799027361 0.40598779853600603 0.07849318114108109 0.07587270401018138
0 0.8571659131535132 0.43978209054746004 0.125950377997928 0.0889181440165446
0 0.6470097789503321 0.15722577124445863 0.10607452564056316 0.0980567866804539
0 0.37801152998378934 0.06509500461491148 0.11188787799792799 0.08875451201463569