0 0.06796875 0.2046875 0.1140625 0.2625
0 0.23515625 0.2296875 0.090625 0.09375
0 0.2578125 0.08828125 0.2375 0.16875
0 0.14765625 0.7921875 0.109375 0.159375
0 0.8171875 0.72421875 0.0578125 0.0859375
0 0.8140625 0.61875 0.0546875 0.1140625
0 0.784375 0.51640625 0.090625 0.090625
0 0.675 0.5046875 0.0703125 0.1171875
0 0.87109375 0.5203125 0.053125 0.065625
0 0.2328125 0.61796875 0.0484375 0.140625
0 0.5625 0.4578125 0.053125 0.09375
0 0.65078125 0.3 0.065625 0.1046875
0 0.4921875 0.15703125 0.084375 0.128125
0 0.54921875 0.278125 0.040625 0.08125
0 0.6890625 0.08515625 0.059375 0.0625
0 0.63828125 0.16171875 0.0625 0.10625
0 0.8625 0.45625 0.078125 0.0828125
0 0.89375 0.74921875 0.065625 0.090625