0 0.733267748100139 0.04967054662636549 0.27903549620027784 0.09934109325273098
0 0.7351238016711112 0.19150022656750454 0.1070877610179167 0.10434314934754481
0 0.8789465368534725 0.19295254388132366 0.20603702013597242 0.26170221069381694
0 0.1661737799196182 0.18952448197804647 0.17649237765916678 0.13326812802354437
0 0.34154986682868127 0.8415671452896383 0.0953501740119445 0.06984088001272681
0 0.4450378895301048 0.8223893366088664 0.12194904160312507 0.07171246268299925
0 0.5416758469770493 0.7775030032622761 0.1055252610179167 0.10432496801399935
0 0.5352238655944103 0.6681734565961396 0.12856271751493048 0.08741018801718106
0 0.5515067482875702 0.8641308465945489 0.07332970364722229 0.06333634134309066
0 0.3519489321800696 0.24753533461968397 0.14687630642076394 0.0688783640197264
0 0.5637281124602783 0.5498410799252307 0.10152743882958326 0.06678860534690845
0 0.7332061174942714 0.6127303365690955 0.11435474715020852 0.08099655601527189
0 0.8486278296908685 0.43477696455286885 0.14142639342673605 0.1031806386855445
0 0.7386183564763547 0.5095144299013682 0.08713763050895836 0.05256247334499946
0 0.9521561392457644 0.6187786998727332 0.07187630642076392 0.06800566000954511
0 0.8676350156706603 0.5799076512174144 0.1158445119678472 0.07788973734881743
0 0.613606704784584 0.846216093252731 0.0942604526972918 0.09013519867918127
0 0.3293239301832994 0.9206370272915475 0.10025587955902786 0.07927042401336308