0 0.7742196490136098 0.9353076608192709 0.26632495764913067 0.1218578610435351
0 0.7564332270760495 0.7697917451282261 0.09742042154477701 0.09431360226293642
0 0.8987252662054651 0.7509957724519809 0.17798059601642038 0.24477721057599666
0 0.19041279645608605 0.8410512051150478 0.16317268657189174 0.11657039734428025
0 0.2857006297830828 0.17333191910889015 0.0878545240041051 0.06144656010845857
0 0.39112847316722454 0.17974956987101592 0.11597043364502549 0.060047686571891704
0 0.49250007562655257 0.2119711965308408 0.09429542154477702 0.0942954215447771
0 0.4996717053114395 0.3220819947354427 0.12074883723582168 0.07569995764913058
0 0.49222334055547134 0.1252569917103806 0.06750566256778665 0.05507838544042358
0 0.36821560958960675 0.7611131993595112 0.14249657220870704 0.05395222267624522
0 0.5419768590986275 0.43589450986075323 0.09563975292686636 0.056804511903856714
0 0.7033961481298471 0.3521457028755526 0.10664997579950324 0.06936814441741408
0 0.8391649556060271 0.514631546456086 0.1317681504675381 0.08982609016268786
0 0.7207694796101322 0.454384913746137 0.08306703005422929 0.044231789031219645
0 0.9191984101318997 0.3204224833225654 0.06441702400410491 0.06131020472226432
0 0.8407961541799714 0.3685332512765463 0.10819429508134419 0.0662522347764936
0 0.555440958041914 0.1358263321676561 0.08641019867214013 0.08174996974937895
0 0.2642756025575239 0.09611543413600479 0.09258747579950324 0.06928633118569745