0 0.05990948817418296 0.3406721292187603 0.10402956129215682 0.29384425843752054
0 0.1745158162350727 0.3197098431912436 0.12377969269935693 0.12758434137714508
0 0.15234770307948026 0.1777306743167696 0.29743205140632506 0.25378972122887744
0 0.2693427683631508 0.8855010234984629 0.16570720752810458 0.1992609339354164
0 0.8806026260443547 0.627557158877309 0.08695085475263546 0.1044543762235353
0 0.8445285217860109 0.5272198529795264 0.09272069368794007 0.13118056733052796
0 0.783931919999125 0.4377282778444502 0.123652358706968 0.1244593413771451
0 0.6778556749420408 0.45742816423478666 0.11029019566510652 0.14115576805616747
0 0.8672882480600148 0.41567471777031645 0.07681185079830258 0.08537699400955016
0 0.29504181083504627 0.6929241430985764 0.09686436562705039 0.1562896947351895
0 0.5555986729648745 0.44379719545297985 0.08726918973360735 0.1122668762235353
0 0.5897787188968111 0.2678993835647475 0.10196835969555132 0.1283829495445131
0 0.3957157011023139 0.1768676118803831 0.12974053262324467 0.15899803248413763
0 0.4863181378701718 0.27520839735974556 0.06950868676785796 0.09760417549789598
0 0.5577143409124711 0.05536217802978467 0.0810536818249421 0.07460318511654278
0 0.5345580252088709 0.1380283450901601 0.09890702669174586 0.12983632213985136
0 0.8399325692008223 0.35698919853302274 0.10589185574121843 0.10979664065150559
0 0.9555297235925811 0.6287774076961826 0.08894055281483766 0.11577382213985139