0 0.5875634991420702 0.1904261784504848 0.23100126207419383 0.21672954342324346
0 0.4110524749271754 0.23759862324041708 0.2009213054894186 0.14823210049533805
0 0.21841033386094852 0.2130223465663966 0.17941001834240006 0.15971325599585606
0 0.14880121285298145 0.019413587675056455 0.1538524257059629 0.032131911496374024
0 0.37936089106622684 0.03327284222317042 0.19309678213245363 0.04020127667402047
0 0.47203675369441667 0.45655198448912204 0.20880801332783516 0.2047731989237615
0 0.5633617503292043 0.6457108378799442 0.1723704081549858 0.18591188296032665
0 0.11806465604341461 0.35736519789030413 0.1940348079967011 0.1260660020669146
0 0.09462480753448269 0.43663316687305753 0.16779055674305984 0.1357663337461151
0 0.8862223079967011 0.15830515301480944 0.15730769780928675 0.15088191149637403
0 0.9033324986133447 0.96576001054397 0.13277905925034225 0.06847997891206
0 0.11231739053750141 0.8033669026050339 0.18426265439406198 0.2192338052100677