0 0.8202583525565632 0.4535613002521782 0.2082573145630356 0.22635710049533805
0 0.7293102052246682 0.3003699878034002 0.14132212008095948 0.19830056699689208
0 0.704884494572933 0.11212727915972902 0.15259381275401332 0.17544526385373888
0 0.912182417458283 0.030513521921018714 0.09438516508343398 0.06102704384203743
0 0.942243974446545 0.20784207775476818 0.0709277329258299 0.1934632096771285
0 0.5290468543655856 0.4188054263880794 0.19625528154634875 0.20553517824559703
0 0.3651780269122513 0.556588024402218 0.1802274898232346 0.16738020678164425
0 0.5359983757351691 0.07696479859503917 0.11862824852966192 0.15392959719007834
0 0.45051125508838263 0.07051789950466196 0.1302274898232348 0.14103579900932392
0 0.9096705760985972 0.7252842888796387 0.1077792797373263 0.1530950748547749
0 0.0842732649264637 0.957985820306661 0.1685465298529274 0.07995298138875029
0 0.09683737844870248 0.1446703370558839 0.19367475689740496 0.2450343258882322