0 0.5993830954354574 0.8410836979233217 0.2460950444862428 0.21370106269890776
0 0.743523073192336 0.7338877212365045 0.21210736364988386 0.1461499360279987
0 0.916998440740781 0.6903178925445965 0.166003118518438 0.15679653469127147
0 0.997068589961069 0.8878190538670061 0.0058628200778620965 0.09266021467218159
0 0.8542071996938013 0.9373843438892777 0.20136618182494176 0.07418402936027135
0 0.6069131166528147 0.5463251812540036 0.22064937551288216 0.2024726613621805
0 0.4546755015200558 0.39724388594050275 0.18401153855474384 0.1848669906906352
0 0.932238132927256 0.5181701725414148 0.1355237341454881 0.11898745202099903
0 0.9350474565395214 0.43217812854077853 0.1299050869209573 0.1313783640197263
0 0.3357118676785788 0.9496705466263655 0.1600700197716634 0.09556813335454421
0 0.03914736612134195 0.15508694199554568 0.07294670456235501 0.18045111600890867
0 0.8383541872621494 0.09354726861872947 0.26420837452429885 0.18709453723745895