0 0.13929188822973992 0.5782660893377318 0.2290583288463836 0.25333090314042084
0 0.2476319224737646 0.7179614236608989 0.15926265439406198 0.2153929824490227
0 0.2938978540522223 0.8984923581423505 0.1678647645814763 0.189103267088759
0 0.09700247050784286 0.9854026394168741 0.09594899749271754 0.024648310503983594
0 0.04589827474362024 0.8370166152019793 0.08706940564770319 0.2023641335443795
0 0.4344679959098719 0.5743608731860451 0.2142229390337981 0.22635922618081655
0 0.5811564424655173 0.4155361394833811 0.19442726458147633 0.18987615690134446
0 0.46692617709261813 0.9075083423072329 0.12954641066226813 0.15988712852981452
0 0.5528182129859955 0.9065703164429852 0.1419554824490227 0.15712584138279623
0 0.039468013790053554 0.31984348706787624 0.07893602758010711 0.16343802586424747
0 0.8171958601874145 0.015992095210226636 0.18435827962517096 0.03198419042045327
0 0.8842166286628285 0.7845228540522223 0.19210389812585582 0.27098976458147633