0 0.75625 0.74609375 0.15 0.2109375
0 0.09609375 0.40390625 0.159375 0.19375
0 0.01953125 0.7640625 0.025 0.228125
0 0.40625 0.75859375 0.16875 0.253125
0 0.534375 0.97578125 0.1015625 0.0484375
0 0.70390625 0.94453125 0.171875 0.1109375
0 0.103125 0.565625 0.1765625 0.14375
0 0.57421875 0.221875 0.0890625 0.103125
0 0.43203125 0.16171875 0.0765625 0.0953125
0 0.3421875 0.0296875 0.09375 0.0546875
0 0.4546875 0.0578125 0.15625 0.1125
0 0.3234375 0.2796875 0.1 0.153125
0 0.21953125 0.8515625 0.10625 0.1203125
0 0.0640625 0.8796875 0.096875 0.1328125
0 0.94296875 0.09609375 0.1140625 0.08125