0 0.6893109525216528 0.7750408339687495 0.2344137305182395 0.18663240349472227
0 0.4656192715103554 0.08566147701423596 0.2187614569792892 0.17132295402847192
0 0.8347783745946107 0.04694958871840208 0.23075116801906326 0.06628353590354186
0 0.7624986310907276 0.42972702754798553 0.2801626071414448 0.21268706363895867
0 0.9542207065788425 0.5861367624460062 0.06594437418757337 0.10930357123840295
0 0.8935717585280072 0.7499823633196867 0.13921032467404082 0.19066398043270852
0 0.6245033478092493 0.10338534593659669 0.1737489659077429 0.20083906743868069
0 0.20481677029583473 0.5247051400082636 0.1174523271096728 0.1073787017473613
0 0.16993503003506738 0.37557796219659706 0.1078318652591197 0.09309799620027785
0 0.05543792776159118 0.2689123477395486 0.07052278003177208 0.1031626740119445
0 0.06652236526076735 0.38430095839687495 0.1330447305215347 0.17503898043270852
0 0.3050697349857616 0.28418728315065944 0.1693421095770768 0.12732883225631958
0 0.8865515600668396 0.25737728923149233 0.13809210957707663 0.1266014804327084
0 0.9321249330365969 0.107158430474027 0.13329551542127546 0.12024237765916679
0 0.033547516642386775 0.8724919426293056 0.06709503328477355 0.12689111474138884