0 0.8148376421779189 0.4086605077986401 0.19047150565734086 0.24328743344863374
0 0.08575971711710033 0.4426920149289188 0.17151943423420066 0.2260090298578376
0 0.13460173809614334 0.09609881606038694 0.12142152380771334 0.19132495764913054
0 0.5071529280858805 0.25061516188041555 0.22042262607064966 0.2887726502711464
0 0.7197625332756832 0.09872190553570377 0.11614315046753827 0.0897351865718917
0 0.8645796087058439 0.18472355893010822 0.20111811416679296 0.1933510659621911
0 0.15061658177487264 0.29776131001026274 0.20418857201231527 0.1839942466803503
0 0.42342982953537744 0.8095220083878154 0.10852154800821019 0.12250223477649343
0 0.2711133506126163 0.8039481983775525 0.09439541549465283 0.11148292154477701
0 0.12523724834968 0.8999777949831481 0.11313632513557326 0.11002950585373235
0 0.24316963691336152 0.9069141170936593 0.17739881303532484 0.14477721057599666
0 0.22434795580241884 0.6505459424256241 0.13069652985783753 0.17419199980360833
0 0.37841537060970065 0.08657941207680729 0.13052381303532473 0.14450449980360827
0 0.24588921692070861 0.03658798155503979 0.11134656615858277 0.07095791549465286
0 0.9226359857584523 0.5460110377546735 0.1497646924256241 0.22898858411256384