0 0.6398860765103154 0.7871871651829847 0.2212215359079618 0.16009556899199778
0 0.49095627722555896 0.0739413760159451 0.20402494554888212 0.1478827520318902
0 0.8558182079437181 0.05927285065521369 0.20833065046753846 0.09268988068039523
0 0.7480541422761148 0.45564506453436165 0.26354539129415605 0.18426945454365704
0 0.93135193472518 0.6375830369382215 0.07404655405833438 0.10596935633066593
0 0.8687196036376784 0.79569159172676 0.16821471057599666 0.17948076866768653
0 0.6453665212736306 0.11372239164403444 0.15730448165323557 0.183977353895034
0 0.18316039530117678 0.47409819886490956 0.10991133118569744 0.09409664772652385
0 0.1645109101318997 0.3228766181017888 0.10046360831306052 0.08143300649282174
0 0.04722445794371816 0.19682440706201462 0.09444891588743631 0.10010118587597075
0 0.05947220047925876 0.3137937187504119 0.11894440095851752 0.16147506249917623
0 0.3086745214700223 0.2492737025183575 0.159993144417414 0.10903190097293462
0 0.8895699974659171 0.30006544602883106 0.12877041549465282 0.11317393019392785
0 0.9271023346035431 0.15958076786349806 0.07401928298109581 0.10128185633066597
0 0.5203724863476274 0.9205099541432105 0.21319995764913066 0.12402170129724652