0 0.64453125 0.2015625 0.2203125 0.15625
0 0.49140625 0.92265625 0.203125 0.1546875
0 0.85625 0.92578125 0.2078125 0.0890625
0 0.75078125 0.53125 0.2625 0.1796875
0 0.93515625 0.34609375 0.0734375 0.1046875
0 0.8734375 0.1890625 0.1671875 0.1765625
0 0.64609375 0.875 0.15625 0.18125
0 0.1859375 0.52265625 0.109375 0.0921875
0 0.16640625 0.67421875 0.1 0.0796875
0 0.04765625 0.80234375 0.0953125 0.0984375
0 0.06015625 0.68515625 0.1203125 0.159375
0 0.31015625 0.7453125 0.159375 0.10625
0 0.89140625 0.684375 0.128125 0.1109375
0 0.928125 0.82421875 0.0734375 0.1
0 0.52578125 0.0703125 0.2125 0.1203125