0 0.2883731185886231 0.7556660121407008 0.17175598202865067 0.22508623119538154
0 0.909216320410571 0.34970758485189235 0.17902284500534194 0.20968855172849493
0 0.9990030175080132 0.7001502025611541 0.0019939649839734843 0.2303694615993404
0 0.6379638908211416 0.7337633022572204 0.19515876569391466 0.269472728688099
0 0.533266500254454 0.9604742179340533 0.1064335384745874 0.05304609514371954
0 0.36043663546366406 0.9381315196625483 0.1833432680561673 0.10991587226160818
0 0.9119271142426358 0.5112899425320243 0.17614577151472838 0.16166022868809904
0 0.4141890186891395 0.2155230822781029 0.09913195916315995 0.11214831050398351
0 0.5500421839354164 0.14196825884199563 0.08630457694917482 0.10240959765100213
0 0.6258730192372937 0.016611872328115333 0.0986210384745874 0.033223744656230667
0 0.515327388837407 0.05231970328607001 0.16815477767481415 0.10463940657214002
0 0.6702951749497418 0.2487374328986059 0.11650299763774719 0.1626029515702104
0 0.8337153896400153 0.8078359850893193 0.11853672359113006 0.13144387978345548
0 0.9674926118803832 0.8199004129068532 0.06501477623923364 0.14174488229073817
0 0.048978191739964747 0.1260480229612536 0.09217263103285878 0.09165395407749281