0 0.9488353839158391 0.6132866941931497 0.10232923216832183 0.2788340480082102
0 0.1977769026989194 0.3278335876286051 0.15184102570316255 0.12272949375348405
0 0.3719585020143474 0.4026194433093869 0.09721719269935694 0.12397383118569749
0 0.772372337489611 0.41044856138500485 0.19185321345960366 0.2229385720123153
0 0.2455339007589341 0.7135847352674729 0.15716519566510642 0.1383817648307229
0 0.2482145262718162 0.9136165515242517 0.11220552273741298 0.10843973477649342
0 0.5554553874130612 0.6484854134515494 0.1176862015966055 0.16627041549465282
0 0.45737998475132285 0.7154779916121847 0.14654071345960365 0.2226749515990063
0 0.1738844634596036 0.22091596711710032 0.11051568874502422 0.105305644417414
0 0.726868766880276 0.8662900161072692 0.10582818874502423 0.10527837334017534
0 0.8251670040286948 0.8047661879466338 0.11092686562705048 0.15373405405833437
0 0.8079927969948818 0.6134144801011115 0.22603721247102052 0.2184510599120669
0 0.9402017550172779 0.8087855465542819 0.04891234387822045 0.050272710772388506
0 0.9162323558155807 0.8917571278381752 0.10209569368794007 0.1286886022629364
0 0.09393568380210834 0.08072275917338217 0.12406885277546911 0.09288745764913056
0 0.9506286941822317 0.12496908275683127 0.07029654844057553 0.2300420240041051
0 0.10422444573946854 0.9277386597391164 0.052928681824942016 0.07216589149054756