0 0.32694760232942066 0.059800663253001665 0.26765224672063964 0.11960132650600333
0 0.6261720013587964 0.7883479953736127 0.11000352103089917 0.13725634727034208
0 0.5489554833801149 0.6269470347655643 0.11651247060135787 0.08311487884037305
0 0.5331179579382017 0.23064815841485284 0.20802494120271575 0.1647736734939967
0 0.2391633242895749 0.8015423002682311 0.12579229534115868 0.14129139988706071
0 0.044989436907302525 0.8295062185005561 0.08997887381460505 0.09930132096198285
0 0.2994954732033497 0.4825879029414194 0.15927318068726617 0.09650952090551321
0 0.2338118402320914 0.5915603555157857 0.21181832654882315 0.11826269454068417
0 0.7333294041177585 0.7945686323182551 0.09710072930778502 0.09911931043863902
0 0.07914975294067608 0.3474371711455094 0.09677318068726612 0.09286931043863902
0 0.13854244233436946 0.23960998961783067 0.14504690637700662 0.0925654735504664
0 0.3300305794894992 0.22689934506302914 0.20061523292582972 0.2017276419239656
0 0.13280145465884133 0.1262300290803695 0.04587906603337357 0.04317314732681177
0 0.05527732021724505 0.16377480268730565 0.1105546404344901 0.08807539462538867
0 0.8946520064471791 0.8521550772118751 0.121275213703953 0.11454688936371689
0 0.8176887890095805 0.014543558231326187 0.22712242198083885 0.029087116462652374
0 0.031110643375166176 0.9750462316547356 0.06222128675033235 0.04444722099021732