0 0.34921875 0.05703125 0.265625 0.1140625
0 0.70625 0.8140625 0.10625 0.13125
0 0.6171875 0.646875 0.115625 0.0765625
0 0.5703125 0.24765625 0.2046875 0.153125
0 0.31796875 0.80234375 0.121875 0.1328125
0 0.11953125 0.8171875 0.0984375 0.09375
0 0.3546875 0.48671875 0.15625 0.0859375
0 0.296875 0.59140625 0.2109375 0.10625
0 0.81484375 0.8265625 0.0953125 0.09375
0 0.121875 0.3359375 0.09375 0.0890625
0 0.17421875 0.23125 0.14375 0.084375
0 0.365625 0.23125 0.19375 0.1875
0 0.159375 0.1171875 0.0453125 0.040625
0 0.07734375 0.14921875 0.125 0.0796875
0 0.9609375 0.8953125 0.078125 0.1078125
0 0.8390625 0.02734375 0.225 0.0546875
0 0.11875 0.97109375 0.0671875 0.05625