0 0.9484375 0.3765625 0.103125 0.2515625
0 0.15703125 0.634375 0.121875 0.090625
0 0.33125 0.56640625 0.065625 0.10625
0 0.73125 0.57109375 0.134375 0.1875
0 0.20625 0.25 0.1234375 0.10625
0 0.2109375 0.05078125 0.084375 0.0875
0 0.51640625 0.3265625 0.071875 0.1484375
0 0.41796875 0.25546875 0.0859375 0.1984375
0 0.1328125 0.740625 0.0859375 0.084375
0 0.68828125 0.11484375 0.0796875 0.084375
0 0.78671875 0.1796875 0.0703125 0.134375
0 0.76796875 0.3703125 0.1734375 0.1734375
0 0.9015625 0.1796875 0.0359375 0.040625
0 0.87734375 0.09375 0.06875 0.1171875
0 0.0484375 0.89765625 0.096875 0.1078125
0 0.95234375 0.86953125 0.0953125 0.2140625
0 0.0421875 0.02890625 0.084375 0.0578125