0 0.924462510095637 0.528099357813146 0.12697900329870535 0.2862677721033238
0 0.13942959521022663 0.3589166957642226 0.1538189849563052 0.13561455423577734
0 0.3199377976383668 0.4059638773426803 0.10221102084968248 0.13255173871722903
0 0.7210062041439999 0.3576063160472739 0.19896165188677947 0.2384045851145898
0 0.22063751346084914 0.7335780634734844 0.158961126022532 0.1513759465556454
0 0.24144880397308 0.9304614236608988 0.11586434389007838 0.11889841567683276
0 0.5243739303913234 0.6232637229486183 0.12214308762187223 0.1737223079967011
0 0.43223424300687796 0.7047841590794225 0.15507525956691132 0.23244409012915473
0 0.1072739762473236 0.2568146381632329 0.11421091567683303 0.1157279515702104
0 0.7147392029568655 0.8144329775674718 0.10947795157021041 0.11402905925034226
0 0.8082822659681316 0.738335827330045 0.11709187476889085 0.1610859156768331
0 0.773871476709542 0.5527764120489234 0.23007525956691133 0.23462636724704353
0 0.9233760685545563 0.7264004654932779 0.04998327962517131 0.054534387305303154
0 0.9067903106369976 0.8135283924528821 0.1087338054894186 0.14210859514371954
0 0.03788043322781029 0.12933214733443296 0.07576086645562058 0.10071070533113406
0 0.8894823856559505 0.08071617326518744 0.10541022868809904 0.1614323465303749
0 0.09065318210718307 0.9621697278966763 0.07075042069139796 0.07075042069139811