0 0.09593759272790742 0.6865525696927806 0.14710321161023063 0.27980160580511537
0 0.8038616430985762 0.2394418573647598 0.14471727767481396 0.122098233209777
0 0.648869097452413 0.34810507315134165 0.09019346878180663 0.12487600362819702
0 0.25795640997361735 0.44310512613871733 0.17789685462398896 0.22313494355406327
0 0.8400496912766287 0.6261506836809624 0.1468254146981227 0.13777779691210784
0 0.8789559677703164 0.8219071277831798 0.10527283175849789 0.10979664065150559
0 0.5217808409138088 0.6286606471052916 0.10567462504240907 0.1659920769491748
0 0.6328473156860654 0.6732786879421317 0.1326389183263199 0.22311509618646852
0 0.8031671839354164 0.12995772996009808 0.10516370435383635 0.10667164065150563
0 0.40063256032858785 0.8777206843987525 0.10042164065150558 0.10494544954451328
0 0.2905383085144893 0.8385441117107473 0.10211311542376214 0.1533829495445133
0 0.2666940368301249 0.6485193124363866 0.21043653611233468 0.21646828130301116
0 0.17891132775178298 0.8674726982785688 0.045441474772256504 0.04996528366526398
0 0.2204291943566715 0.9364211057202972 0.09460815027015243 0.1172271947351895
0 0.8547792692372937 0.011086255905631764 0.11580853847458741 0.022172511811263527
0 0.025034749451845827 0.20171626742319515 0.04395836424263581 0.2309424651536097
0 0.99917912149903 0.8046600856803954 0.0016417570019399363 0.07291171034428637