0 0.33359375 0.06171875 0.2671875 0.1234375
0 0.703125 0.79609375 0.1078125 0.1359375
0 0.61015625 0.63359375 0.115625 0.08125
0 0.5578125 0.23671875 0.20625 0.1625
0 0.315625 0.8046875 0.1234375 0.1390625
0 0.11796875 0.83046875 0.0984375 0.0984375
0 0.34609375 0.48671875 0.15625 0.0953125
0 0.290625 0.59453125 0.2109375 0.115625
0 0.81171875 0.80390625 0.0953125 0.096875
0 0.11171875 0.3484375 0.0953125 0.0921875
0 0.16171875 0.24140625 0.14375 0.090625
0 0.353125 0.23125 0.196875 0.1984375
0 0.1453125 0.128125 0.0453125 0.0421875
0 0.065625 0.1640625 0.1203125 0.084375
0 0.959375 0.86328125 0.08125 0.1125
0 0.82109375 0.01875 0.2265625 0.0375
0 0.11953125 0.97578125 0.0671875 0.04375