0 0.40636288578146235 0.9134218543655855 0.29421952669174567 0.141711623699004
0 0.6191280488976861 0.1304854443705344 0.14393036661563344 0.1650185696514182
0 0.5602120108372339 0.3136564704898162 0.1355793557412186 0.11312852103089917
0 0.5893212603057612 0.7089379929910533 0.24753021049385407 0.22034123473485218
0 0.23750136410699457 0.23623963591193436 0.15981003460041113 0.17208744120271574
0 0.04957689425878138 0.2690498931480236 0.09915378851756276 0.12440021370395282
0 0.3314954673395742 0.5314525593631112 0.18028436068413445 0.13885886137453216
0 0.2555324866169461 0.44422255427472856 0.23943386760421675 0.17470118611433313
0 0.7236218893158656 0.09148714213197076 0.12040002471457925 0.12324714947960165
0 0.12997809380385844 0.7322315665992004 0.1186465237259962 0.11847776232447185
0 0.20044049102838932 0.8205294267305373 0.16596719269935695 0.13187187697836436
0 0.3902179154389575 0.7739432745374021 0.24886721741393636 0.25315373473485214
0 0.20751155030619875 0.933977773067064 0.05678851087441492 0.05442855042954129
0 0.12221072026814266 0.9228565665992005 0.14202035672980182 0.11814356965141819
0 0.8557751561217796 0.02891405755408889 0.11032468775644091 0.05782811510817778
0 0.8708047291653912 0.8415270064471791 0.18963018577927465 0.10036957146044045
0 0.024525156121779475 0.1282954183627942 0.04905031224355895 0.06215916327441158