0 0.6202412025382331 0.9490300353675893 0.2543795120146356 0.10193992926482132
0 0.3575205039783646 0.1635567067154523 0.09362382535009015 0.12451019867918123
0 0.4265961259548202 0.33782145739177005 0.10859429734245421 0.0684420120146357
0 0.42428545456718636 0.7378487293920882 0.19066245735199913 0.13969994135899882
0 0.7421858579726376 0.21022590543440445 0.10926700668363551 0.12625451201463572
0 0.9413864266390922 0.21410652546144865 0.09006247334499946 0.08697383601209037
0 0.6674649319303214 0.5211174047580867 0.15087270401018138 0.07674540802036275
0 0.7381506966104572 0.42270772410085905 0.20103633601209037 0.09138971069381689
0 0.2515341333147736 0.13966412603436204 0.08695565467854491 0.08849997334499946
0 0.8803541885741861 0.6915860881205853 0.08688292934436319 0.08224997334499946
0 0.8159093332272775 0.7908497441119948 0.13677384134309065 0.0734567760184536
0 0.625466146562732 0.7730066214194506 0.1786169906906352 0.1786169906906352
0 0.8169167552116875 0.905720766112313 0.04104317067154497 0.0364102146721816
0 0.9023729972151873 0.8809303987905398 0.11956816000954476 0.07169428134945406
0 0.0938858126591367 0.056568720679499404 0.11052042401336301 0.09971019334818113
0 0.12639120520373323 0.9548602226686818 0.21667951734563579 0.09027955466263649
0 0.9620545573281365 0.04948095146399399 0.06026588534372692 0.0772533906747269