0 0.03127980934840615 0.8638041657426634 0.0625596186968123 0.1869833314853267
0 0.6936021809361934 0.36314588616818355 0.2064470148871962 0.2504381577089811
0 0.24704162655469517 0.8181254576242765 0.16101889081820958 0.14494702090551287
0 0.1277265463232368 0.840160810368052 0.15229886228216233 0.1584634893354817
0 0.062168206162471776 0.26126299466774094 0.12433641232494355 0.22401289462538862
0 0.5742740605912604 0.8732195652062007 0.13801803846084476 0.15295694198043536
0 0.09628203287927348 0.48422235253201384 0.19256406575854695 0.24656970506402764
0 0.6906356544670607 0.15773034407480874 0.1684718258882322 0.20459503669052861
0 0.8187991958233896 0.13072677027022853 0.1374700748547749 0.10773544724210718
0 0.5609138054194647 0.4032031968185842 0.14535965756743252 0.17675846302712267
0 0.37572128391273074 0.10727052858625932 0.1449957845319033 0.16894596302712275
0 0.25148506989688535 0.9371614893707756 0.16207196856846862 0.12567702125844882
0 0.21668430831494884 0.49439255503579294 0.1512843258882322 0.20359397881213823
0 0.6491329352794196 0.5274135125188951 0.09699062406898662 0.10849431043863902
0 0.4686662235353765 0.7691474442583355 0.17436226095825483 0.26415204721387225
0 0.9512669776692058 0.4149715096057105 0.0705394400324213 0.14279371572854577