0 0.0875 0.91640625 0.175 0.1078125
0 0.68203125 0.2515625 0.2171875 0.1640625
0 0.16875 0.66328125 0.115625 0.1375
0 0.13203125 0.7796875 0.1328125 0.1265625
0 0.69921875 0.90390625 0.20625 0.11875
0 0.15859375 0.334375 0.1296875 0.1125
0 0.47734375 0.85703125 0.2078125 0.2
0 0.8921875 0.26796875 0.190625 0.134375
0 0.940625 0.13984375 0.1046875 0.11875
0 0.62421875 0.38046875 0.1515625 0.115625
0 0.89296875 0.58515625 0.14375 0.115625
0 0.0484375 0.653125 0.096875 0.140625
0 0.48671875 0.71640625 0.178125 0.1140625
0 0.5125 0.28515625 0.090625 0.078125
0 0.24765625 0.446875 0.2375 0.128125
0 0.66328125 0.00703125 0.13125 0.0140625