0 0.2048722665600334 0.947330248100139 0.14532452335696497 0.10533950379972197
0 0.7133340404457238 0.28673246741802144 0.21343332884638358 0.2516755220358335
0 0.4343347945358519 0.8673408088893059 0.16194973370266402 0.14586062670923639
0 0.3298351626408252 0.9225676172583854 0.15610891066226812 0.15486476548322906
0 0.08239158049573626 0.38993597539871533 0.14877979546028877 0.22987195079743064
0 0.7560673905375015 0.8162751502636812 0.14186455423577743 0.15320034802388918
0 0.17281330667655284 0.5997123253224654 0.24620036473976095 0.2508767414506252
0 0.6470772399708702 0.10250163136197972 0.17540447994174038 0.1789640674386807
0 0.7617558539192083 0.04583601690493119 0.13913670783841656 0.05945034802388901
0 0.6017038701500372 0.36767138326184073 0.15031355172849495 0.17525718597979179
0 0.33904343111623925 0.14139459830822945 0.14852373119538154 0.16740831838861125
0 0.4707700511997695 0.9597055743725349 0.16040395407749292 0.0805888512549302
0 0.30763693606429715 0.5645950557551739 0.15421144154108052 0.20189242116215275
0 0.7207015742275301 0.4594432688047922 0.09835859514371954 0.1069059230620141
0 0.6261010942192827 0.7500117577868755 0.18254704169936495 0.2634481702122223
0 0.9553480442066477 0.259575127846598 0.044443984956305374 0.1321955573706944