0 0.9511486629357272 0.1327516308385464 0.08951395861557003 0.19074701680591394
0 0.24492640264742035 0.651884857681204 0.22239505766563053 0.25696887749004843
0 0.724718959747224 0.18407534479244161 0.16855300542706697 0.15187020060802237
0 0.8453147427639107 0.15889231958357067 0.16139560266810485 0.16405186562705038
0 0.8689227453659025 0.7348208082148642 0.14131547602842467 0.22715936068413461
0 0.4020084780645897 0.13875616349897224 0.14708744120271575 0.1587913626613008
0 0.8611013585494571 0.5121791456672941 0.23325067051050077 0.25585204646340926
0 0.23263668532542284 0.8566360246773982 0.18095783016686778 0.21006470258518845
0 0.10237929726578195 0.8876698018634357 0.14315021370395292 0.11341519566510669
0 0.3797451379480993 0.6081919130046807 0.15604636137453226 0.1809846976422728
0 0.5424753527837058 0.8946838754385201 0.1553912641334943 0.1684846976422726
0 0.7295846014249096 0.06558393104632358 0.16789790818602873 0.13116786209264716
0 0.7312058186353653 0.5065578398495256 0.16368844301173802 0.20780186562705047
0 0.30192111035847946 0.48662993079917777 0.10252521370395282 0.11175985376405215
0 0.5003873450933314 0.2399910582520452 0.19188204206179832 0.2697580375661606
0 0.015643852895247553 0.6050403270723066 0.031287705790495106 0.1430443458553869