0 0.12224006405769539 0.9467119153405452 0.1484668630553576 0.10657616931890956
0 0.68972483973077 0.2785213720957683 0.22062883134415223 0.24927493602799872
0 0.35941311134215487 0.8625760093889066 0.16609397881213822 0.1440238146880901
0 0.24965940876778867 0.9212445670154311 0.16066302616718495 0.15751086596913771
0 0.06308528697287728 0.38910850067631775 0.12617057394575457 0.2282170013526355
0 0.6862633086548492 0.8077457954328136 0.14623650512049763 0.15159995735199913
0 0.12371270285671487 0.5979027926877718 0.24742540571342975 0.24809424403245295
0 0.6394349553463765 0.09499980008749598 0.18050508930724707 0.17698176535645346
0 0.7592994052899067 0.036979309436631615 0.14077618942018652 0.05784995735199914
0 0.5707935582313262 0.3607878847469509 0.15532307878390342 0.1735658640197264
0 0.32737530012705685 0.1374936460454979 0.15330555247554417 0.16573518268618095
0 0.3873190324876643 0.9575868753580444 0.16299979991529537 0.08482624928391118
0 0.25891737158314987 0.5612033187062254 0.15999516823232485 0.20016472668681723
0 0.6820125083160308 0.4512048940960865 0.10140985253201382 0.10579656134627217
0 0.5618240217525591 0.7429736760820871 0.19010687343752686 0.26141130935708967
0 0.9346047002258789 0.24853606946208498 0.04826944198043535 0.1317227146721816