0 0.921875 0.915625 0.115625 0.16875
0 0.31484375 0.29765625 0.1703125 0.2203125
0 0.67734375 0.82578125 0.140625 0.1203125
0 0.790625 0.86875 0.1296875 0.1359375
0 0.95390625 0.3109375 0.0921875 0.2078125
0 0.34609375 0.82109375 0.115625 0.1328125
0 0.90078125 0.528125 0.1984375 0.2125
0 0.35234375 0.09609375 0.1390625 0.1796875
0 0.23046875 0.046875 0.1234375 0.0859375
0 0.43828125 0.3609375 0.1203125 0.1546875
0 0.6703125 0.103125 0.1203125 0.146875
0 0.65234375 0.94609375 0.14375 0.1078125
0 0.76171875 0.5125 0.1203125 0.18125
0 0.33125 0.4671875 0.08125 0.09375
0 0.46796875 0.7375 0.134375 0.240625
0 0.05 0.303125 0.053125 0.1328125