0 0.4360929612036288 0.1442659322061359 0.10177310015828453 0.06442957694917477
0 0.8761028811036038 0.39580865107276064 0.10471624373179367 0.058288704353836526
0 0.9398628188837609 0.16655022620783694 0.10300063103709718 0.10661707694917473
0 0.9406260338483132 0.3284599491659949 0.10515416442319178 0.1269841406515056
0 0.7336211790711753 0.1859375993513294 0.12294941818411545 0.09482640507947586
0 0.26866376880461845 0.17361114790789975 0.0804891335443795 0.08397818511654283
0 0.8155732434025893 0.5946801714911807 0.3386031619159091 0.15698913229880312
2 0.40741008775488624 0.7806300181409853 0.13972774122451134 0.08136410580511537
2 0.08305757475625551 0.34387154028868594 0.10212009263643715 0.13000001324684388
2 0.21782136817148023 0.41583336424263584 0.11572795157021032 0.11486608656782167
2 0.40414296456884113 0.32849459926651137 0.2720187186589692 0.28265876569391457
2 0.6591173402621686 0.8113170560674187 0.2310179824490227 0.1610367368379741
2 0.45782893956252346 0.5798413336574147 0.15207462852981452 0.13018355172143128