0 0.5194696077936858 0.1331499304601235 0.12081229991529537 0.09512214947960165
0 0.9200127232681178 0.4843803963117829 0.12210178413027997 0.09051653663473136
0 0.9742180209761002 0.27424847975801103 0.05156395804779947 0.1281935990500603
0 0.9597680195900951 0.4333811403188891 0.0804639608198098 0.15507700361804452
0 0.8087511866481762 0.24566869911617345 0.15259292093374768 0.13261550542706696
0 0.34902059990117795 0.12188048055098052 0.10765985253201382 0.11001016508343389
0 0.8176858418674959 0.6627333683834788 0.36462831626500825 0.2619223043862702
2 0.3955033598598243 0.7193696342144537 0.13872784200867017 0.10852290818602892
2 0.24989837336693976 0.3456721053816384 0.12595482622365467 0.10318031094499087
2 0.12343531292830068 0.24713835085908262 0.12889781570031095 0.10021908525525039
2 0.2453822625188951 0.6826841044771272 0.08938028939195171 0.09035940637700648