0 0.6016483375304092 0.11953125 0.12717155405833439 0.1046875
0 0.1395154553114395 0.325 0.12714428298109554 0.1
0 0.1299006025575239 0.09765625 0.0835760901626879 0.13125
0 0.10241088593140288 0.25703125 0.11811471662612102 0.159375
0 0.3015892501963917 0.1296875 0.16021131303532482 0.14375
0 0.765433581578481 0.1671875 0.11630677693097127 0.1171875
0 0.19029268101274682 0.5296875 0.38058536202549365 0.29375
2 0.5761962812325796 0.734375 0.14444086729005096 0.11875
2 0.803804693407583 0.4203125 0.1319045058537327 0.1125
2 0.9392700156162899 0.3671875 0.11782382513557295 0.109375
2 0.7261008324622437 0.75078125 0.09431360226293624 0.096875