0 0.15103679330499373 0.5124414335468297 0.08385710085908263 0.10982951795398073
0 0.48885985639769125 0.908036776439992 0.07925148801421233 0.11136474687674217
0 0.27523444764583543 0.9739147438516799 0.12309666327441153 0.05217051229664023
0 0.43461276967210277 0.9595073310875015 0.1449650192218769 0.08098533782499687
0 0.2535630862713032 0.7996692436552882 0.11962418249628844 0.13659200585373235
0 0.1452360933958508 0.3421471142649889 0.10014384215265534 0.09274201190385671
0 0.6707472642450358 0.8169355743500063 0.22492027136958334 0.3574499273985097
2 0.7675957722740945 0.38481848681959707 0.10942366689245624 0.15059087334017515
2 0.2724625774533343 0.13201411104353503 0.15005531094499086 0.12114881303532483
2 0.3710372755534549 0.25442544222923247 0.13656602103089915 0.13200449980360823
2 0.32436475067736853 0.4517498941228264 0.3350455438708206 0.3127919332522421
2 0.8499014184743359 0.62897300779864 0.20693383197588985 0.25268970452587247
2 0.5812698479184066 0.46574071301188374 0.1604881999091429 0.1711942648307229