0 0.12890625 0.43984375 0.0609375 0.1
0 0.36484375 0.88671875 0.0546875 0.103125
0 0.13359375 0.94375 0.103125 0.1
0 0.2953125 0.94921875 0.1234375 0.1015625
0 0.16015625 0.73828125 0.090625 0.1203125
0 0.1640625 0.2734375 0.08125 0.078125
0 0.565625 0.83203125 0.1453125 0.334375
2 0.765625 0.4296875 0.0765625 0.1375
2 0.340625 0.09296875 0.1265625 0.0984375
2 0.4078125 0.2296875 0.1109375 0.1125
2 0.3140625 0.41328125 0.2734375 0.2640625
2 0.7875 0.68203125 0.153125 0.2265625
2 0.56328125 0.47421875 0.125 0.1484375