0 0.16963066071291705 0.4313424633094714 0.30886977298576407 0.1974335260260105
0 0.48802155727378527 0.6326271583442656 0.10548889342673622 0.10756884727034191
0 0.12598388459302096 0.13582483695875985 0.21293902393569458 0.16531970506402782
0 0.08962238449611173 0.758313757963095 0.1303070554708334 0.10121243145709151
0 0.20415309070878518 0.5365081054451986 0.15308993882958336 0.07445251038216938
0 0.1616402420193061 0.6258205054028462 0.18473998233256955 0.0934601156156063
0 0.0945137194147917 0.03217546316829706 0.14527743882958338 0.06435092633659412
0 0.9678992808695487 0.3211935035484691 0.06420143826090267 0.09949874203690498
0 0.5080904826169099 0.2512560610033365 0.09073540919430556 0.07706229991529537
0 0.07690744500093827 0.9178630632106494 0.0594854091943056 0.07524219468185862
0 0.5939364104285766 0.2087052689805488 0.09658536569131951 0.06023882096198285