0 0.48612575775133343 0.15355835469882323 0.19725151550266684 0.302607891294156
0 0.7133223784874373 0.4875798724564124 0.10775085779368573 0.10684087334017515
0 0.1874005604386391 0.09324652683277546 0.16542612087727818 0.18527494554888216
0 0.8085398130694751 0.09764119456692351 0.10139444198043535 0.13179542154477705
0 0.5946053866622938 0.19245774911623723 0.07610601564384112 0.15351588544042355
0 0.680884520905513 0.1585963544042356 0.09511362087727822 0.18486587939029936
0 0.07744943678935065 0.055900542056281845 0.07677387357870129 0.11134656615858278
0 0.4389704517273202 0.9530129331540461 0.10040879465362344 0.08805451190385653
0 0.33138983902489844 0.4736430748409857 0.07715330517696728 0.09104315651766229
0 0.9651013552334369 0.09778261601350471 0.06979728953312617 0.0597840661585828
0 0.29558811789350636 0.5562192255049155 0.06032982622365459 0.09719316256778665