0 0.16421405356735505 0.43172906128136024 0.31204652380771336 0.19605243425111762
0 0.47102363153159865 0.6675297881461517 0.10685905405833437 0.10654210064862309
0 0.13591529498314808 0.1328279111192044 0.21499880698520063 0.16467397483619658
0 0.06841223681959709 0.7487744650969639 0.1286976926220159 0.10067393019392785
0 0.1929662883438487 0.5400324849824664 0.1535340661585828 0.07298530681713337
0 0.14580546291368784 0.624356892044481 0.18645565046753823 0.09230805113509036
0 0.11187783128389332 0.02929380803494931 0.14563066256778665 0.05722393912238162
0 0.9658482346782978 0.410591410301835 0.06830353064340429 0.09810230925276535
0 0.5110067194547914 0.28935992369781083 0.09106133723582169 0.07658186525911974
0 0.045892863086638466 0.906177862012709 0.05980224687674203 0.0744738944801128
0 0.5983067315550399 0.2565122418790299 0.09721134328594587 0.05950345941492108