0 0.8582428012811263 0.5069991222168202 0.2835143974377473 0.19021829454985523
0 0.5483179152159184 0.7031895536203479 0.11098034946188076 0.10527283175849825
0 0.9094691993380462 0.2137054792030618 0.1810616013239077 0.16118058057737183
0 0.9383145799196175 0.8347992292030618 0.12337084016076502 0.09833335099579195
0 0.8381188157540377 0.6119123115097141 0.15625430810555194 0.07253474282842394
0 0.8766055810555187 0.7013939629609929 0.18830482878371627 0.09081351687504088
0 0.9446596825888232 0.10717522620783693 0.1106806348223536 0.07424108656782158
0 0.06708491604448799 0.3853125066234219 0.0919392510334573 0.09836806733052797
0 0.5422796610820892 0.32234878138782924 0.09397263192686936 0.07503969473518968
0 0.9526052706736552 0.9786136503549706 0.06264985731976366 0.04277269929005882
0 0.45757502129733696 0.2788319051642939 0.09942211124870504 0.058070449544513104