0 0.7909269226249316 0.6149088024080144 0.0988920179539809 0.07869769262201594
0 0.9359041211006801 0.40313498937268955 0.07728972872636959 0.1254454275949012
0 0.7437554441931498 0.9347036728213233 0.11141928903121964 0.08345791549465283
0 0.7962542511783504 0.7734661909716959 0.11605224687674216 0.07411018657189175
0 0.14411451337679465 0.8764756207078964 0.24339651775758914 0.20922150565734085
0 0.17694169067710833 0.6052000635263042 0.27310219847574835 0.21251922247985355
0 0.5409809438985622 0.7413587146812134 0.1678238251355733 0.11034766842151918
0 0.26693595248276913 0.4445256630587659 0.26064765027114645 0.22025899960721668
0 0.5216830606976337 0.29851722970832806 0.16960449375348396 0.1478567587805987
0 0.7421308743221339 0.5425388987190223 0.11772383118569749 0.09286927693097127
0 0.6183620970965749 0.46591783226585193 0.2102840359079618 0.15746810811666875
0 0.3572438316766767 0.22994501259122774 0.12559996369925486 0.10385222872636941
0 0.40655542604277717 0.8851046903825207 0.18346700585373252 0.11356357201231546
0 0.021104781134383806 0.6693858042547262 0.03513859016268789 0.13144998789975162
0 0.2235637232654204 0.24556598829253504 0.27822603571157006 0.2875464935570924
0 0.7707972715682182 0.315036067435129 0.059756795081343836 0.06597043364502549
0 0.4301051356368153 0.059995606073565313 0.144295421544777 0.09458631303532483
0 0.5738838266085112 0.8599132719610016 0.17429199375348398 0.1478840298578376
0 0.4060939012531051 0.42731037110068 0.1838942527304745 0.18700107201231528