0 0.80234375 0.57109375 0.0859375 0.065625
0 0.96171875 0.34296875 0.0640625 0.115625
0 0.74375 0.9046875 0.0984375 0.084375
0 0.80078125 0.7296875 0.10625 0.0578125
0 0.1328125 0.88046875 0.2375 0.175
0 0.19140625 0.60234375 0.2375 0.175
0 0.5484375 0.71484375 0.1515625 0.0828125
0 0.2875 0.43515625 0.221875 0.184375
0 0.54609375 0.2703125 0.1421875 0.125
0 0.75625 0.5015625 0.103125 0.0765625
0 0.63671875 0.4328125 0.184375 0.1265625
0 0.3859375 0.21328125 0.1078125 0.0875
0 0.40859375 0.86953125 0.1671875 0.0859375
0 0.01796875 0.684375 0.0359375 0.128125
0 0.25234375 0.23828125 0.2203125 0.253125
0 0.79375 0.26953125 0.0453125 0.059375
0 0.46640625 0.0375 0.1328125 0.071875
0 0.5765625 0.83203125 0.1484375 0.1234375
0 0.4265625 0.4078125 0.146875 0.1640625