0 0.1757762384824366 0.3815686834486337 0.08650298439090336 0.06142837939029935
0 0.02102922949676194 0.5978335120020526 0.04205845899352388 0.1144170240041051
0 0.2458829296742472 0.05222207191411941 0.0997668762235353 0.0833761022629363
0 0.18287695426901845 0.22298402380771337 0.10654266587924913 0.05373405405833438
0 0.8536929404740203 0.12295935713471014 0.24328375244707062 0.1670067345801019
0 0.7855505425661207 0.39605596866922443 0.24328375244707062 0.16700673458010193
0 0.4332936165200705 0.2572600716195318 0.15429068511654281 0.07900676483072289
0 0.6845906993748769 0.5572202067653678 0.22653276206571746 0.17940674063022613
0 0.4200867113557766 0.7025862071581512 0.1463343413771451 0.11957722267624522
0 0.21930549447288641 0.45527434904148245 0.10418155771188112 0.07559087334017515
0 0.3369443730586744 0.5325368066906131 0.19013890507947587 0.12139425273047451
0 0.5786506903043843 0.7714912641433519 0.10919643992586625 0.08499314441741408
0 0.57821179083684 0.1127611587571576 0.16997024881887376 0.08066016842151909
0 0.9661036273198438 0.3275610196043009 0.04967759618646852 0.1252636204133089
0 0.7119815454765275 0.7574201946651193 0.22731650126594438 0.2465851502711466
0 0.17381191208141603 0.6839624304235716 0.04889385698624169 0.058085210772388506
0 0.4922072148991557 0.9421168606507514 0.13359623920022692 0.06795109016268767
0 0.41012398974838093 0.13756974033563849 0.1525843413771451 0.11961358411256366
0 0.5449279986492377 0.5735986648072818 0.15082343393541642 0.15865790339440444