0 0.26039939681159147 0.6670996470234626 0.10116568511654282 0.08270980024766902
0 0.06985869844820472 0.4991245506619538 0.08092759618646847 0.12856595574818713
0 0.3799505272962961 0.9534116745260526 0.11306548439090332 0.06610449710451576
0 0.292418267044677 0.822112478702663 0.11818949400955026 0.07882282092583352
0 0.9120858600662846 0.7541755763070261 0.17582827986743083 0.21712764970954979
0 0.8531176317506489 0.49785710980547215 0.2792410998146657 0.22360028163641915
0 0.53238601341648 0.7248585272977023 0.17100695916315978 0.11716188296032684
0 0.728030807796699 0.3667420045526232 0.26701391832631993 0.2308305847795724
0 0.4467683949126749 0.2898521346174658 0.1738789880191005 0.1547346575674326
0 0.2903473024392215 0.5835401302742396 0.12040675843752044 0.09764559553293921
0 0.3922966936388813 0.47784659429459425 0.21483137023308557 0.16600179735218495
0 0.5900967542611693 0.1814488215495152 0.12860120435383635 0.10894696856846861
0 0.6964435681331361 0.8291178800693519 0.18674108656782168 0.12101462903138512
0 0.9993824742241024 0.5210483990948864 0.0012350515517951521 0.13212329528527036
0 0.723226712791357 0.1619453426419644 0.2865476575265465 0.29881860545773675
0 0.20938001151756339 0.37133553680821485 0.06166667549789597 0.06839043507002263
0 0.4793626069862416 0.042901244728015 0.14702382213985138 0.08580248945603
0 0.5288840459006175 0.8486599003332316 0.17856648801910033 0.1549529813887503
0 0.5893775355641806 0.38493769458504445 0.189305580577372 0.19445212903138528