0 0.5882341538983495 0.21014575648952646 0.07180556733052797 0.08870003571381498
0 0.3597668696001134 0.039853027189103024 0.11953373920022684 0.0692330154212755
0 0.9227207705032381 0.28625388351647374 0.09104664065150558 0.10308981818121907
0 0.7470734405588384 0.219945270692986 0.06470239546082901 0.10887616801906326
0 0.8970983325611066 0.8856700876596844 0.1912698738612825 0.22865982468063137
0 0.6197520933608797 0.8220417844927036 0.19132443756361361 0.24694100405718977
0 0.7324479784852717 0.4718799176087309 0.09290180653075471 0.15621481818121907
0 0.45292420270937395 0.7176291996723931 0.20015380054030504 0.23147964529089188
0 0.2874529370154593 0.4508393457773591 0.1348164880191005 0.14913870373287813
0 0.5186681875636135 0.252654810467286 0.08339783175849824 0.10764095048646727
0 0.4501042152384277 0.36857409090609516 0.13941470798203354 0.1913807508107789
0 0.23046387095087578 0.6075609042193456 0.0944990228654908 0.11251936525911965
0 0.8874951209508758 0.6190294273479635 0.09813494355406327 0.17192163879807013
0 0.7007541006172737 0.9888439062479405 0.1308333377489479 0.022312187504119053
0 0.2554688493513294 0.7422904602257001 0.2689583642426358 0.23424218100470676
0 0.28661709019601866 0.20331946347211086 0.0625744110699257 0.047938668019063255
0 0.05553330362034785 0.5170608149348082 0.07974704210278445 0.1372466298696164
0 0.8495709910991434 0.44972031979948157 0.13347224282842376 0.15536143019392784
0 0.42538450135076233 0.5773899833576133 0.17409724282842393 0.15607054220663663