0 0.43046875 0.17421875 0.05 0.078125
0 0.671875 0.0375 0.103125 0.075
0 0.09609375 0.18046875 0.0703125 0.0875
0 0.2734375 0.15078125 0.0375 0.1
0 0.06640625 0.79375 0.1328125 0.21875
0 0.34609375 0.77890625 0.1328125 0.21875
0 0.26640625 0.4046875 0.05625 0.1453125
0 0.5203125 0.709375 0.1484375 0.2
0 0.70625 0.4765625 0.1 0.128125
0 0.49609375 0.23125 0.0609375 0.09375
0 0.553125 0.36171875 0.09375 0.1734375
0 0.7484375 0.64609375 0.0703125 0.096875
0 0.1015625 0.5203125 0.0546875 0.1609375
0 0.246875 0.96484375 0.115625 0.0703125
0 0.7125 0.775 0.21875 0.1875
0 0.728125 0.2296875 0.053125 0.0390625
0 0.9296875 0.59375 0.0484375 0.125
0 0.153125 0.35859375 0.0984375 0.134375
0 0.559375 0.575 0.140625 0.125