0 0.37103263788991414 0.8109375 0.06191929201145392 0.084375
0 0.5863838232018243 0.96875 0.11478975334181776 0.0625
0 0.042026937897868336 0.75234375 0.08393974267981757 0.096875
0 0.2124570692234596 0.809375 0.054343149347544806 0.1046875
0 0.11631424864736453 0.1421875 0.16838856269890762 0.2375
0 0.38906994863941036 0.20078125 0.1683885626989076 0.2375
0 0.2481967639242762 0.5578125 0.07988858935390812 0.1515625
0 0.5496796372931383 0.29609375 0.18068856802990768 0.2203125
0 0.6935365359245944 0.55546875 0.1204045013526354 0.1421875
0 0.4450064872295048 0.76484375 0.0761817866804538 0.1015625
0 0.5229689499125041 0.64453125 0.12247607869190791 0.1859375
0 0.7633779632797751 0.39453125 0.08561133068109025 0.10625
0 0.10451149327659351 0.41796875 0.08163290268936256 0.1671875
0 0.3216113706635911 0.02265625 0.12552725867281786 0.0453125
0 0.7500796266311379 0.26171875 0.24785788669636233 0.21875
0 0.6734763852244141 0.80234375 0.05835794000636341 0.046875
0 0.9335353746021848 0.475 0.06871473201781733 0.13125
0 0.1283473405872309 0.58515625 0.12047722668681726 0.1484375
0 0.5652489986075937 0.43515625 0.15950336401972648 0.1453125