0 0.21953125 0.35 0.0921875 0.06875
0 0.0546875 0.5453125 0.0640625 0.11875
0 0.29765625 0.0375 0.1046875 0.071875
0 0.2296875 0.1921875 0.109375 0.0625
0 0.88828125 0.16171875 0.2234375 0.1859375
0 0.82890625 0.428125 0.253125 0.1859375
0 0.48046875 0.25234375 0.1578125 0.09375
0 0.7234375 0.57734375 0.240625 0.1953125
0 0.45625 0.6953125 0.15625 0.13125
0 0.2609375 0.428125 0.109375 0.08125
0 0.3765625 0.51796875 0.196875 0.1359375
0 0.6125 0.78125 0.115625 0.0921875
0 0.628125 0.12421875 0.1734375 0.0953125
0 0.98984375 0.38125 0.0203125 0.1296875
0 0.746875 0.78046875 0.25 0.2609375
0 0.21015625 0.65078125 0.053125 0.0609375
0 0.5234375 0.9421875 0.1359375 0.0796875
0 0.459375 0.13046875 0.1609375 0.13125
0 0.58359375 0.5796875 0.165625 0.1703125