0 0.40126999391092005 0.21628680195545172 0.07660913879807012 0.09393314437666671
0 0.6083579707790069 0.04539699296923662 0.12296594155801373 0.06533667211208344
0 0.07711151947846527 0.3016729091943056 0.09560460064862311 0.10843205547083343
0 0.24377113960884897 0.23058242524621547 0.07068642126547413 0.1125376740119445
0 0.17566125689326828 0.8889904180280208 0.20233761606989864 0.22201916394395838
0 0.44474644764050303 0.8279880213702434 0.2028830868489054 0.2593061840799308
0 0.28952751907142815 0.4807649164125002 0.10121940097293472 0.16166615824437508
0 0.5990191160666033 0.7183435304882991 0.21045012499835244 0.2454255220358334
0 0.7309513599808187 0.44730694471659777 0.14176258035608366 0.15792421561506947
0 0.4761569456152034 0.25629551253652816 0.08943642126547413 0.11297408510611114
0 0.5585757536501527 0.3698871934823268 0.14874896590774292 0.20025718597979178
0 0.807061666797952 0.602141221502084 0.100455741882325 0.11791615824437507
0 0.15317873619698702 0.6329969507974307 0.10617963636243806 0.1774002610179167
0 0.38441073984713964 0.9902282225489237 0.1317136501621558 0.019543554902152493
0 0.7984833279171564 0.7370428983638201 0.2792819456152035 0.251713196047778
0 0.701642140826665 0.1998500632577089 0.06496252678536116 0.05305357123840282
0 0.9637836306803951 0.5075041347804522 0.07243273863920976 0.14091724715020854
0 0.16972353368192478 0.4623577956871876 0.14030917451188504 0.164137848023889
0 0.6090508607915975 0.5772282212177435 0.18096144805083547 0.1666459053945836