0 0.5292115449359722 0.21252480942108756 0.18224959983059072 0.1791249394987579
0 0.24196842114550945 0.0990970719141194 0.10784186305535756 0.10840337334017516
0 0.06785681598265962 0.20358860831306053 0.08549642619541978 0.1270170179539809
0 0.133322192262784 0.16645676785578503 0.18590522084904332 0.21507152985783753
0 0.7225219291791916 0.24803610430603978 0.1065677893919517 0.08652837334017516
0 0.6722496424180757 0.3329287338927308 0.10618835779368574 0.10683178298109555
0 0.8044152132388842 0.08986505600324199 0.19617632096198284 0.09642152380771336
0 0.5899791138318164 0.7122662550681655 0.08643729991529536 0.08953519867214013
0 0.41967577715540527 0.8855532432625047 0.20347215244730937 0.19486811416679295
0 0.12093485530402415 0.0436868883672898 0.09250528939195171 0.0864465601084586
0 0.36631743181002746 0.24518225243588693 0.08874325256024881 0.07549087939029935
0 0.4675823421498445 0.049611198082964936 0.13046031570031094 0.0944772287263694
0 0.27863760835838314 0.48928625555914496 0.12078147881213823 0.14284200585373236
0 0.0790500481315055 0.8030755239059093 0.09424979991529539 0.08958065046753845
0 0.7444236901260582 0.6905008602579681 0.4456413258001316 0.5445964451560986
0 0.5559428319794367 0.424470818398078 0.19062354195220052 0.16199198165323558
0 0.5170513060946005 0.8775230955254412 0.12639444198043534 0.13194086729005078
0 0.7582311870011121 0.17165541148763214 0.14863346302712266 0.1383181323171656