0 0.6611718660599092 0.23359375 0.15638169530200424 0.165625
0 0.4214969152811216 0.03984375 0.09450616943775678 0.0796875
0 0.21520981136191336 0.06796875 0.10993259263643713 0.1265625
0 0.3038631344023092 0.08203125 0.15477373119538154 0.1640625
0 0.8310320735026142 0.3296875 0.09446070533113407 0.078125
0 0.7626481348645276 0.39765625 0.09192673871722903 0.0984375
0 0.9327035367513071 0.16484375 0.12959187476889084 0.1578125
0 0.5907908890876697 0.74609375 0.07428459765100204 0.0828125
0 0.38733561698434604 0.86484375 0.17549540815498563 0.178125
0 0.5000214173926927 0.2140625 0.08007995658477522 0.0671875
0 0.6476275062682062 0.0546875 0.10714256175762475 0.084375
0 0.35629283478538537 0.428125 0.09922241316955063 0.134375
0 0.09129700593900175 0.675 0.08209709765100211 0.0828125
0 0.7629015698081976 0.76484375 0.4214971960934271 0.4703125
0 0.6313693911327338 0.45234375 0.1683815901291547 0.1484375
0 0.4804263874383171 0.8875 0.1083246285298145 0.125
0 0.8828961018741441 0.265625 0.12872805674305993 0.128125