0 0.4885299879258061 0.23216728459856645 0.16102373119538155 0.17225121551297518
0 0.7953997650436948 0.17313527984886806 0.09505173871722902 0.10326884215265535
0 0.9456688865138803 0.3062011646291486 0.06760870031656907 0.12523237336031984
0 0.8891521135526267 0.25864008988934784 0.15894440564770312 0.20802494120271575
0 0.2897969712327587 0.231923865897088 0.09754024122451135 0.08155761646291486
0 0.32231630304864317 0.3243913268875074 0.09344377461060623 0.10162445499752559
0 0.24229514858807422 0.06277439620024129 0.18968227711788863 0.08482645861557023
0 0.32443611487277496 0.7086811177061103 0.07584709765100203 0.08666119629109836
0 0.4563212977048738 0.9076038783351311 0.18018290815498564 0.1847922433297377
0 0.9279682241357525 0.13470130087976723 0.08085284639736087 0.09784435775648759
0 0.6424529583006349 0.2934400565339768 0.0800799565847754 0.07128185775648763
0 0.5837695947480082 0.07832298959609207 0.11683581050398359 0.10129026232447189
0 0.6780792550810719 0.548035703300045 0.10234741316955046 0.13953389077317446
0 0.8097789183171296 0.8890402408392875 0.0836141335443795 0.08550813206674697
0 0.1817715225655422 0.6601949508136541 0.3635430451310844 0.5314159328349726
0 0.4177077079049235 0.4342377176606817 0.17293269780928658 0.15259381275401332
0 0.36162256314428004 0.8827670708946137 0.10979620031656907 0.12744332654882343
0 0.2702406406705154 0.15108994572527146 0.1317621285298145 0.13171474672063965