0 0.23330217728880856 0.6443815084770554 0.1586883413827959 0.14470468610347992
0 0.05519258300301873 0.3684803263025169 0.09147209765100209 0.08696065260503386
0 0.11031067735531555 0.17131853597964536 0.12304034639736088 0.09935364474715103
0 0.10037939937949703 0.2590175891227985 0.1897564849563052 0.139910178245597
0 0.31284022776366227 0.8306508023145837 0.07281302586424747 0.08921235731976367
0 0.38696203787193434 0.7771491207592177 0.09450616943775678 0.0839812018192454
0 0.13608516264082515 0.9188784325888232 0.1453987311953815 0.16224313482235359
0 0.7491317657686106 0.6754283788219884 0.07998902837152996 0.06770123035529281
0 0.8859545011871341 0.49767586806862135 0.17012594655564542 0.1624016083532208
0 0.22933242814673838 0.48113664578060833 0.06307431301126601 0.07627570967712849
0 0.057120110516618826 0.5956057524811994 0.0779097028238516 0.10349318114108108
0 0.45503345862983935 0.3816418757216164 0.1320516335443795 0.08729029238978611
0 0.7250263952228619 0.16874173117935318 0.07869931301126591 0.07700345574818704
0 0.7616411598043383 0.831284349047596 0.4767176803913234 0.33743130190480813
0 0.4537056055020539 0.6577677280789812 0.1372679824490227 0.15931084160399783
0 0.8997107757977405 0.5950602903183624 0.11991534639736087 0.09920809553293922
0 0.24453650864247461 0.869599832298373 0.12211434389007839 0.12115587014004525