0 0.20703125 0.5203125 0.1515625 0.14375
0 0.15859375 0.83046875 0.0921875 0.084375
0 0.296875 0.97265625 0.1171875 0.0546875
0 0.246875 0.91875 0.1890625 0.1375
0 0.2 0.321875 0.06875 0.0890625
0 0.29296875 0.3484375 0.090625 0.0828125
0 0.0296875 0.28359375 0.059375 0.1828125
0 0.6765625 0.328125 0.0765625 0.0671875
0 0.88046875 0.4484375 0.1640625 0.1609375
0 0.125 0.96484375 0.0875 0.0703125
0 0.2734375 0.6703125 0.0609375 0.0734375
0 0.05 0.625 0.1 0.10625
0 0.528125 0.69140625 0.1265625 0.0875
0 0.8734375 0.803125 0.075 0.075
0 0.62265625 0.1828125 0.4859375 0.3203125
0 0.40625 0.4375 0.13125 0.1578125
0 0.8515625 0.35546875 0.1140625 0.096875
0 0.11875 0.30703125 0.115625 0.11875