0 0.4015625 0.79921875 0.121875 0.140625
0 0.68828125 0.9375 0.0734375 0.084375
0 0.87890625 0.85078125 0.08125 0.1109375
0 0.79296875 0.87734375 0.109375 0.18125
0 0.2109375 0.74765625 0.0796875 0.0609375
0 0.25859375 0.665625 0.0703125 0.084375
0 0.121875 0.9390625 0.171875 0.1203125
0 0.33125 0.28828125 0.05625 0.071875
0 0.496875 0.125 0.1375 0.15
0 0.8203125 0.9859375 0.084375 0.028125
0 0.56328125 0.77890625 0.0671875 0.053125
0 0.46328125 0.96796875 0.0921875 0.0640625
0 0.64453125 0.53828125 0.0671875 0.121875
0 0.83515625 0.2359375 0.065625 0.06875
0 0.15234375 0.28671875 0.3046875 0.4625
0 0.37109375 0.58125 0.140625 0.1171875
0 0.4 0.12578125 0.08125 0.1078125
0 0.17734375 0.821875 0.103125 0.10625