0 0.7501194480445482 0.3622877909465533 0.305091462765278 0.2327227245643247
0 0.2395138288378471 0.13712104859503918 0.09273432028847228 0.09484592721213972
0 0.3450001094230554 0.16498487531184086 0.14629703780340292 0.183184989246633
0 0.20419000541524274 0.3471339034336034 0.20232883225631956 0.17642987510244393
0 0.10261906672782958 0.7126925909848254 0.20523813345565917 0.15059512117350238
0 0.5759863913394438 0.634954811210433 0.13077983415618064 0.12003001778268026
0 0.2655944052071523 0.6259994580244986 0.19091855357097237 0.15560795285270287
0 0.4942765707666311 0.9267292423515141 0.14673083605604162 0.06770553846084475
0 0.32398356098298536 0.8667656991331585 0.22827438962701407 0.21821926881613757
0 0.6318305750381249 0.03028885173819231 0.24571384992375017 0.06057770347638462
0 0.849596690445104 0.14538492721664892 0.09266158510611114 0.09172092721213972
0 0.359628919927882 0.016097977047778586 0.19164329255305557 0.03219595409555717