0 0.2875440535674271 0.5730741081754955 0.3017103246740408 0.19966039627312887
0 0.8318061168773822 0.8042021609903334 0.09207049756436803 0.08650518577927464
0 0.72184473578995 0.7750651007239406 0.13880122158978558 0.16960152866891215
0 0.8382940758885615 0.5936320755150698 0.19787621266133187 0.15483337452429885
0 0.8916438035707225 0.22702289566729403 0.21671239285855498 0.12303954646340927
0 0.4243410754848197 0.3032497450199031 0.12833528003177203 0.1067195266917457
0 0.7380859756469754 0.31704701228292753 0.18661143019392784 0.1356377055509382
0 0.462977286931631 0.019385375475701065 0.1447045738632619 0.03877075095140213
0 0.646290393262297 0.08598794365075905 0.22355805113509036 0.1719758873015181
0 0.45574026906813286 0.937578324069376 0.24530459172016936 0.09899455140632511
0 0.21861064163414853 0.7893158734985347 0.08889095048646736 0.08325285178688588
0 0.7326436883050121 0.9458405157429688 0.19149775324641105 0.057767373535715906