0 0.3665689277648864 0.7692467295267233 0.24454448132901838 0.3251970148871962
0 0.16336920454695242 0.22653688296032676 0.09856595941492108 0.10138702564056316
0 0.18725494358990377 0.3363314139775734 0.18704780681713334 0.16171240363849115
0 0.3745794399364558 0.2207364549196175 0.1833421542193455 0.21774407981717356
0 0.742281183036597 0.16358335028594106 0.15856034253094825 0.2290796861034799
0 0.644954800734644 0.6328726976809073 0.12581029788867965 0.14168669396136266
0 0.6488333717552368 0.32108117307380135 0.16281146590774292 0.20429800992479744
0 0.9388781245979058 0.5918304365132554 0.07290348620028198 0.15171235731976368
0 0.8833799212687694 0.41175763874678584 0.22445807792045186 0.24776121960192582
0 0.03724703531007315 0.6027097770883053 0.0744940706201463 0.25229455417661056
0 0.14642797727841914 0.8387457845319034 0.09544095941492108 0.10124147642635144
0 0.029238576502412426 0.32890840405277594 0.05847715300482485 0.19644266046291667