0 0.7038640329474738 0.42479700699312195 0.29506450725639405 0.18028585972519603
0 0.15935017423195158 0.1845066953020042 0.08866568511654278 0.08062552586424747
0 0.2693328094411616 0.21507839687221458 0.13363593393541642 0.16154055674305984
0 0.15279260626845148 0.3946856773553155 0.1938641058051153 0.14300115690134446
0 0.1025259941988093 0.759591611836767 0.2050519883976186 0.10824572367353405
0 0.5670534805930704 0.6921854323033735 0.12520338584218216 0.09885870031656907
0 0.25334564465822085 0.6728908968722146 0.18227184137714508 0.12393290815498563
0 0.5278074090013731 0.9805753647397608 0.14387897477225664 0.038849270520478284
0 0.34491555264810364 0.9133190112495175 0.21704863466105584 0.17336197750096502
0 0.5353273755905631 0.055460670624890976 0.24340774881887378 0.08668897241989289
0 0.7731398557202972 0.2101865892047179 0.08699405771188111 0.07745506175762476
0 0.25761160335804456 0.03564930964605373 0.18946429328391085 0.06170569279472173