0 0.4671875 0.5359375 0.11875 0.175
0 0.3734375 0.19140625 0.1234375 0.1625
0 0.13125 0.17890625 0.128125 0.103125
0 0.2 0.9375 0.203125 0.125
0 0.4265625 0.921875 0.18125 0.15625
0 0.228125 0.10625 0.103125 0.146875
0 0.62890625 0.68828125 0.15 0.1796875
0 0.88671875 0.3125 0.09375 0.075
0 0.875 0.0953125 0.0890625 0.178125
0 0.7578125 0.14140625 0.065625 0.178125
0 0.625 0.30390625 0.0671875 0.103125
0 0.909375 0.553125 0.06875 0.1140625
0 0.7921875 0.5328125 0.1265625 0.0765625
0 0.61796875 0.03984375 0.221875 0.078125
0 0.3515625 0.60078125 0.0640625 0.1140625