0 0.4608543134515274 0.5240921981937506 0.1497857137152085 0.19726192431676956
0 0.32156195621267347 0.2034399362128511 0.15105727298576407 0.18481648801910042
0 0.08033689095819424 0.23762399637180293 0.14502417211208346 0.12684029691210785
0 0.24896407076663113 0.9413144476455966 0.22260365824437506 0.10613098202865068
0 0.4723840401814228 0.9007266200634495 0.2069435970739585 0.17115578130301118
0 0.16594904226871515 0.14798608829710214 0.12874586189159737 0.16530259618646848
0 0.6415386561570828 0.6426809631698751 0.18125391926229178 0.20772819836338668
0 0.8464158326375693 0.22492300037851817 0.1067604526972918 0.0927182680561673
0 0.8046680097836457 0.05490074329176002 0.11878898043270851 0.10980148658352004
0 0.6959826875953125 0.08782857713843385 0.0965152433504862 0.1756571542768677
0 0.5862952970183678 0.2660118249654402 0.08543096656500015 0.1153918762235353
0 0.901135127756076 0.45641604783878015 0.08881053970326391 0.1264385036281972
0 0.7824214953472566 0.45900038921592523 0.13971842306201393 0.10011410580511537
0 0.5427862588337152 0.03393102278067275 0.2331774823325695 0.0678620455613455
0 0.3550387649145481 0.6097519343987526 0.08412303970326392 0.12627481252120454