0 0.5664771021479679 0.5571875728576415 0.17991874813797323 0.21219744355406328
0 0.7450364799410081 0.25455119009550226 0.18097182588823219 0.20131450725639413
0 0.9501520113725395 0.30801103991016776 0.09969597725492108 0.13819445916315995
0 0.7247520984239142 0.9606299982707196 0.23739730024766903 0.07874000345856089
0 0.507979821335609 0.9155406983633867 0.23344185442427942 0.1689186032732266
0 0.9085146290313852 0.21424119254257298 0.15502575599585597 0.18012898801910052
0 0.3714621627347191 0.657234668959292 0.2132406703877141 0.22428078130301116
0 0.216474832298373 0.22673365870767298 0.12035534946188076 0.10560021397248329
0 0.2800000231593638 0.06671630716372691 0.13812504631872757 0.11870041469812273
0 0.38550731451569265 0.10471979336872883 0.1272646290313853 0.18695934137714504
0 0.4722197181541839 0.2918229784852716 0.10411391935425698 0.12531251324684387
0 0.13327715032872228 0.4500223365678216 0.1093836162111037 0.13797620435383653
0 0.2516825479713575 0.4635168960938012 0.15509422249741006 0.11461311542376222
0 0.5442979636060699 0.06424610470880697 0.2448459272121397 0.09902781015895179
0 0.6621406666636606 0.6517857994439966 0.10298806699689216 0.1346329495445131