0 0.4805777679217413 0.5302362240610881 0.20832625241907438 0.2257101666931806
0 0.35941133930724706 0.1790635280474069 0.20621772084904338 0.21631698535963512
0 0.13267453405969268 0.16003007535009012 0.1539579998588257 0.15012836401972635
0 0.252654249152954 0.8929613013605897 0.25046897881213825 0.14500560669954404
0 0.4711235280921491 0.9009459766868172 0.2554896787556686 0.19810804662636555
0 0.20757655254613133 0.0921982326941351 0.17765310509226265 0.18163290268936258
0 0.652314801981434 0.6907208327498143 0.24204880503579282 0.24171697469763487
0 0.8774850470726978 0.3209372334499946 0.13320588410204479 0.11553518801718106
0 0.8456071735645839 0.13553553544713112 0.15717400512049765 0.1517272266868172
0 0.736732702503779 0.14285659209895 0.15576269454068417 0.20792268268618092
0 0.6179812444559796 0.3023032227482235 0.12014444198043535 0.13255905601527207
0 0.9198523705243424 0.5657957474538126 0.1272134893354817 0.1466942813494537
0 0.8020355389684287 0.540222488104677 0.1683999314570915 0.12999767735518084
0 0.5884324394201865 0.06305890941276907 0.25498987884037305 0.11539083203372573
0 0.37098223101945116 0.5921993273790433 0.12069047355046632 0.14193405601527206