0 0.5193191567433723 0.48366903124629274 0.1990283130679506 0.15022964529089186
0 0.20297718093619338 0.3256796586835724 0.18823636228216234 0.1531637305182394
0 0.2438719704304954 0.08557285592362888 0.1301327638537389 0.14590460957707685
0 0.9385358453280516 0.29629708522075704 0.10720899420903188 0.22356595941492108
0 0.8938996257261256 0.5160095673638495 0.17523124813797325 0.20914099512873605
0 0.15173366625388499 0.16684440097293468 0.16839474317557449 0.12939894805083538
0 0.6325703658013282 0.6709526172844192 0.21149407981717355 0.18323306006354406
0 0.20892088834151945 0.852773992693104 0.09550089867609249 0.10626936525911965
0 0.048413805419464724 0.7995829886359143 0.09682761083892945 0.12104097727182861
0 0.08305530593619338 0.6931926668012472 0.16611061187238677 0.09858532467404083
0 0.2577202231210918 0.594039920858437 0.11642982878371626 0.08633869480442442
0 0.4387496294501793 0.9209002499967047 0.12907537799792798 0.0896818831160271
0 0.4442804995902245 0.8021502499967047 0.10327916542531543 0.13919095941492116
0 0.032435702647815104 0.5358926355516591 0.06487140529563021 0.23428527110331832
0 0.6077160308123588 0.38200316558013603 0.12729455417661056 0.0849671095770768