0 0.46484375 0.54375 0.1953125 0.1578125
0 0.78671875 0.71484375 0.184375 0.159375
0 0.75546875 0.9390625 0.1265625 0.121875
0 0.05546875 0.71171875 0.096875 0.2265625
0 0.08828125 0.49453125 0.16875 0.2140625
0 0.84453125 0.8765625 0.165625 0.1359375
0 0.34375 0.3515625 0.2046875 0.1890625
0 0.759375 0.1875 0.09375 0.109375
0 0.93671875 0.246875 0.1265625 0.125
0 0.90546875 0.35234375 0.1890625 0.10625
0 0.72109375 0.44375 0.115625 0.090625
0 0.5265625 0.109375 0.128125 0.09375
0 0.52578125 0.228125 0.1 0.14375
0 0.959375 0.51015625 0.08125 0.2359375
0 0.3796875 0.64140625 0.125 0.0890625