0 0.6725700698027769 0.38804987166283916 0.11728077759614024 0.19035276232447185
0 0.6352082118472577 0.5281492492070304 0.1405625446422686 0.09322545680654777
0 0.08011378855318875 0.2968993334462281 0.14011825973923264 0.1572060696514182
0 0.5523631152591196 0.11949022218323753 0.16722623051823932 0.18984815128862392
0 0.290772419233584 0.5155618815009202 0.1157261858759707 0.10129026232447184
0 0.8134545738632619 0.09726882066747097 0.15815914772652384 0.11756371551297518
0 0.4131792532431156 0.5524178296010408 0.1560978157455871 0.17833744120271575
0 0.32652691274076223 0.41752717322403426 0.1012739480508353 0.16765889077317428
0 0.2522927516215578 0.2786041140880656 0.12893529788867958 0.1425703595655099
0 0.22444008157060438 0.6057497902527761 0.11848872158978567 0.1701221494796016
0 0.1619942232080482 0.9130665660333737 0.13279668344033876 0.17386686793325268
0 0.05178246266133196 0.1494544453865872 0.10040119480442448 0.11765889077317437