0 0.6746746099041941 0.3897847099021766 0.11089763568479168 0.18404034200867017
0 0.6311403731331773 0.5251082888978414 0.1369887449116174 0.08742294724210709
0 0.0843594691310198 0.2572657394060691 0.13722111827193717 0.15130343671876342
0 0.5638378499545714 0.11773613367852198 0.1589256999091429 0.1790490051204975
0 0.28579025158187965 0.4894166286991988 0.11248006784239592 0.09534186305535748
0 0.8272076311622361 0.10503652553190039 0.151290262324472 0.12252598933548198
0 0.40728679330499373 0.5338785312170952 0.14922315128862387 0.17225297355046648
0 0.32676605438627015 0.3944450339185184 0.09428998982323478 0.1643802893919517
0 0.2577184040021574 0.25100657608248034 0.12546474672063965 0.13504139988706054
0 0.21702031942427555 0.5742018814006219 0.11295810266810494 0.163909852532014
0 0.1417834605361342 0.8922700709619829 0.12569712008095948 0.19892188936371688
0 0.05626768939369338 0.10764517100433509 0.10713082654882311 0.11216534200867016