0 0.33199819163641164 0.6823317445232167 0.18720552273741298 0.1131318004748536
0 0.47368828452604905 0.6410882820659467 0.08841519566510633 0.13990959765100222
0 0.27478248269979444 0.09012386097883723 0.15235036167271768 0.13864862602253203
0 0.08150603209177212 0.5675034002374268 0.16301206418354425 0.1631318004748536
0 0.48147685718691235 0.29637517563945587 0.09677152372599629 0.11518238229073816
0 0.043999420419054455 0.8321963860516618 0.08799884083810891 0.15501777210332363
0 0.5109494984799442 0.4176878859851548 0.17323586463846716 0.1533021594086268
0 0.381352181787761 0.334917186922227 0.1647575197716634 0.09843280298213619
0 0.24658986262411978 0.26372884553943104 0.13784219269935694 0.1273019490629279
0 0.5757799555137572 0.22794107587688278 0.16702035672980173 0.11566576708875882
0 0.9000888888215741 0.15837769978784372 0.19409219269935676 0.12893865690134443
0 0.1290216551331963 0.05850648495630521 0.1138316897336074 0.1125574874635877