0 0.46508011249066017 0.6966262679424118 0.18972889988706054 0.120877216024817
0 0.5670227731128259 0.5945905059277761 0.10019596302712266 0.13857269867918126
0 0.11720842875566853 0.20033525998568247 0.1629689788121383 0.14398745202099902
0 0.17403017826155837 0.71955742731541 0.21130006299888784 0.16953289202736244
0 0.39973947867096393 0.286170573281366 0.10673438936371679 0.11678860534690845
0 0.24839095435815609 0.9493171053071375 0.18845482622365467 0.099002216024817
0 0.48649529700211075 0.3797563939370029 0.18410052616718495 0.15828630935708982
0 0.3325057470162282 0.3666944146244565 0.170068847270342 0.10503404002227175
0 0.17924423912372045 0.3661324353119101 0.14661593671876347 0.13130563868554468
0 0.44763938140062187 0.18241831727404817 0.17097889988706055 0.12065904002227171
0 0.6989303236634059 0.018393274626047323 0.2009856473268119 0.036786549252094645