0 0.40202179058178367 0.3659630244022181 0.18331488068039511 0.21618157981717356
0 0.8680128035674273 0.5444217406988843 0.14995690990138827 0.1834033130679506
0 0.9391636858759707 0.23524148573648557 0.1216726282480586 0.18238446856846863
0 0.12684192734796354 0.8612028655919313 0.1900364391223816 0.15404545285270288
0 0.8169095941492108 0.931489401161801 0.09484094155801373 0.06686647642635143
0 0.6369620320603671 0.16345864681857483 0.15448076866768634 0.17424663688926817
0 0.7024233908266649 0.1510271133201288 0.12427507142762995 0.1431764193542569
0 0.7785943786518004 0.08023727026838887 0.1729580332781829 0.15949493217453847
0 0.298025811685102 0.4552503103818634 0.20080238960884894 0.23416960049533805
0 0.11222072523993838 0.5162906259310134 0.17380351298564353 0.20793243217453855
0 0.6205905584386912 0.39018596671095096 0.08741027110331849 0.08837760339082212
0 0.5353599906612139 0.6138653693159849 0.1240568831160271 0.13067641935425697
0 0.35881863027006283 0.8472708364367113 0.2341603603878557 0.266947867244561
0 0.9366466120127089 0.08609551034359142 0.12670677597458208 0.1028425177826803
0 0.8770816607088718 0.7504170295740138 0.1338682597392328 0.15611306699689198
0 0.464481285713815 0.05954401220110904 0.13833757142762995 0.11908802440221808
0 0.7471641099775234 0.8776602338744587 0.19960235389503395 0.16541960049533805