0 0.5984375 0.3875 0.109375 0.1625
0 0.1296875 0.56796875 0.0875 0.140625
0 0.04375 0.26171875 0.0875 0.140625
0 0.88125 0.91796875 0.1375 0.1640625
0 0.18125 0.96796875 0.065625 0.0640625
0 0.3625 0.18828125 0.0953125 0.128125
0 0.296875 0.17578125 0.078125 0.10625
0 0.21875 0.103125 0.128125 0.1046875
0 0.70234375 0.4765625 0.1234375 0.171875
0 0.8890625 0.5359375 0.103125 0.15625
0 0.378125 0.4140625 0.059375 0.059375
0 0.4640625 0.6359375 0.0859375 0.090625
0 0.640625 0.86640625 0.146875 0.1953125
0 0.04765625 0.07109375 0.0953125 0.1421875
0 0.1203125 0.7734375 0.0828125 0.1171875
0 0.53515625 0.06171875 0.0828125 0.1234375
0 0.2515625 0.89921875 0.1578125 0.090625