0 0.6091677929343053 0.3817202370159888 0.16544708130638916 0.19468630698520065
0 0.14473769776020784 0.5962351714465812 0.13510496466513905 0.16638859016268787
0 0.06317018759531241 0.2941317950813439 0.12634037519062483 0.16638859016268787
0 0.8891728030992005 0.8732593389843375 0.1833606267092364 0.15885789129415606
0 0.19525718930774222 0.9762903101084586 0.08706489532659725 0.04741937978308286
0 0.3751415511024304 0.19752145725634712 0.13797539152687516 0.15546927088084708
0 0.3096983890583332 0.18932716217500317 0.11548214247680563 0.1287795058537325
0 0.23157469547909715 0.12167605386194266 0.16421058320625015 0.14156130698520064
0 0.7127454281929163 0.463583836253863 0.18299825721819474 0.21041130093507654
0 0.8975919004574997 0.5115405889843375 0.15741637575930553 0.1852658551898026
0 0.3909620003812496 0.42420667710392196 0.08146951196784738 0.07702610831306042
0 0.47655008900274254 0.6411401679305397 0.11671733415618064 0.11472609621281223
0 0.6519273762374646 0.8609401044042355 0.21486650626826406 0.23715560811666875
0 0.0656425305852083 0.12617668061996337 0.1312850611704166 0.12106699980360829
0 0.13445024192878405 0.8032346051898026 0.12198671561506957 0.13975336729005078
0 0.5453839287615972 0.06724412567786621 0.12485714247680554 0.12883404800821016
0 0.2653164225902423 0.9211993308911097 0.19222648043270843 0.13703743344863356