0 0.5813097835374659 0.6135871945770883 0.18165054250907656 0.20660901583511765
0 0.15265683741524885 0.3708938585380618 0.14919086958138306 0.17601223370266403
0 0.04831418870784318 0.6654371318950268 0.09662837741568636 0.17537573620994634
0 0.9158120479091029 0.1411221950393068 0.16162720258518845 0.1748134465556454
0 0.2619269970342505 0.010902744589723661 0.09177100593149898 0.021805489179447322
0 0.3208139994313463 0.782693861903274 0.15037136760421674 0.16668269780928674
0 0.25512533243515195 0.7861658543814267 0.12578786167271766 0.13787573620994636
0 0.16748606958357065 0.8495811481923627 0.17329953163466155 0.1548646594086268
0 0.6967384653624078 0.5384387789002554 0.2011008794672149 0.22434208511458972
0 0.8870106382901014 0.503250121998911 0.1734560405319101 0.19700669530200407
0 0.3705433798871443 0.5580742951310844 0.08612318380210837 0.08365959765100221
0 0.48838609038099834 0.3470793076674967 0.1252148587069682 0.12381323620994644
0 0.6958497163881721 0.13893888407310484 0.23349688539871388 0.2533763672470434
0 0.03664983543808249 0.8328519524281403 0.07329967087616499 0.13117109514371955
0 0.1743739644110057 0.163476163631769 0.1324835306460784 0.14899509263643718
0 0.4697078027776567 0.9203804153476287 0.13653436068413444 0.13350648495630538
0 0.32141740216744674 0.06545385226985562 0.20091519566510652 0.13090770453971123