0 0.409576438789567 0.5780654247801058 0.14743157981717356 0.18454366950744613
0 0.900032310791639 0.4732960129923899 0.11970468610347992 0.15861608656782167
0 0.9403672314911941 0.7895832119039307 0.11926553701761193 0.15861608656782167
0 0.20727099855225797 0.05334076560909662 0.17079199710451592 0.10668153121819324
0 0.9070740994618808 0.07005196190393076 0.08005568114108108 0.07767362141421194
0 0.6145337282838691 0.8119245256910796 0.1254452638537389 0.1478968413771451
0 0.6774168719975627 0.8347692594490109 0.10240587014004525 0.12213294954451329
0 0.7429926761741733 0.915426493206942 0.15091614474715093 0.12538692431676957
0 0.31943512820281583 0.47400789655713743 0.16363877667402046 0.1975893065307547
0 0.14319365177646434 0.38625990381353154 0.1393279813887502 0.17802085099579185
0 0.6314343221641785 0.5867509109002896 0.07358735731976367 0.07276786660488846
0 0.5783306310982999 0.3538491308632228 0.10643839867609248 0.10823414065150558
0 0.4373074090151746 0.105757665520354 0.19151121960192583 0.211515331040708
0 0.9066206825843139 0.933970618164533 0.12366013192686935 0.07607640507947586
0 0.9391546610820892 0.27160453822013336 0.10923806699689216 0.13485120435383643
0 0.42504104279956173 0.9100966747801056 0.11109166542531543 0.1411557680561671
0 0.8275535734070327 0.1268228062763007 0.17740587014004525 0.12475200725639413