0 0.65165682467174 0.5770297412476403 0.15493058057737183 0.18766472668681722
0 0.14987358066218986 0.5094011773154099 0.12587799763774726 0.16077496268299923
0 0.151602294086519 0.8274790153166827 0.12587799763774726 0.16077496268299923
0 0.7822693521769183 0.047517153286138536 0.17391370435383652 0.09503430657227707
0 0.08900299101432534 0.10916536732177326 0.08397818511654279 0.0790704293443631
0 0.4797818577888499 0.8252234352721391 0.13174605172143145 0.14991018801718106
0 0.4197719407284744 0.8524950072804115 0.10738096878180681 0.12307496801399935
0 0.3648240351008443 0.9351989666215929 0.1558184687818068 0.12363858935390795
0 0.7275521473597456 0.4675087432368226 0.17099209019601885 0.20034654002227176
0 0.8912748522617363 0.36634459054746005 0.14684526206571746 0.17976132001909004
0 0.4329440302067029 0.6030217186107752 0.07756449400955016 0.07431020401018137
0 0.45363844300590916 0.36752911394018456 0.10845239546082901 0.1090306493475448
0 0.5609052728654907 0.10825575330204688 0.19993554573098143 0.21651150660409377
0 0.20562264989163434 0.9644063033100011 0.12734623920022675 0.06864200668363551
0 0.0843775223173366 0.3124267273233641 0.11401291469812276 0.13408519334818117
0 0.6812203614170469 0.9088519059118678 0.11735616950744614 0.1403715560152719
0 0.17595984319124358 0.15973698464354652 0.18410715988879933 0.12865335335772615