0 0.59921875 0.3625 0.1734375 0.1328125
0 0.465625 0.853125 0.1484375 0.1078125
0 0.77890625 0.8921875 0.1484375 0.1078125
0 0.06640625 0.1609375 0.1328125 0.159375
0 0.06328125 0.8625 0.0703125 0.075
0 0.82109375 0.565625 0.1375 0.1125
0 0.83984375 0.62890625 0.1140625 0.09375
0 0.9203125 0.6953125 0.1171875 0.1421875
0 0.50078125 0.27265625 0.1859375 0.1484375
0 0.42265625 0.09765625 0.165625 0.1265625
0 0.59453125 0.584375 0.065625 0.06875
0 0.365625 0.5328125 0.0984375 0.0984375
0 0.11875 0.39296875 0.209375 0.175
0 0.94375 0.86015625 0.1015625 0.1140625
0 0.2625 0.89375 0.1234375 0.0984375
0 0.9296875 0.37578125 0.1296875 0.1015625
0 0.12421875 0.7828125 0.1078125 0.1734375