0 0.3982128684442019 0.6012405405817837 0.16831620174736112 0.11851599512873605
0 0.583541811454757 0.1421633697200513 0.14589568787965276 0.09469666558343129
0 0.2790705573706945 0.04547968993316052 0.14564111474138902 0.08375916558343129
0 0.9197391102760768 0.9111038790522468 0.16052177944784632 0.146695542206637
0 0.9745655485369792 0.21463402799658665 0.05086890292604167 0.06814207386326192
0 0.20115145801562528 0.354930782060367 0.13357752583555565 0.10229097727182852
0 0.1894677691860419 0.28912850405718976 0.11126611474138896 0.08315914772652384
0 0.11804540444465295 0.20666483157389964 0.11242987765916679 0.13315914772652376
0 0.48586029844007 0.7097581984545772 0.1795810100679862 0.13276940990138844
0 0.5433675931773271 0.8989667487788887 0.16188436379145835 0.11059440097293453
0 0.4274782218833336 0.3823093084386911 0.0623558360560418 0.06200116801906326
0 0.647629027354167 0.47986396712226354 0.0958229526972918 0.0906989123370204
0 0.8761391531134727 0.6681527199616373 0.2035640239356944 0.15661601298564348
0 0.08768249116628477 0.04291993141174387 0.14723998233256952 0.08534893912238162
0 0.7897554438635765 0.1442009768614962 0.12234908510611113 0.08960006249917618
0 0.07379279027194488 0.5198273047885384 0.1254740851061112 0.08965460957707698
0 0.9139949905006948 0.2814709261301475 0.09905836189159736 0.1626011858759707