0 0.115625 0.43424353602751664 0.23125 0.24088792794496677
0 0.60859375 0.6732786879421317 0.153125 0.13503474282842376
0 0.7203125 0.6342211332254755 0.1921875 0.17702383538669544
0 0.50625 0.6948213604448027 0.1359375 0.1281845421027846
0 0.5546875 0.7954736356725463 0.1828125 0.2282589531727101
0 0.85703125 0.7771030592715256 0.1171875 0.12284227767481415
0 0.1046875 0.7815004819438327 0.196875 0.20687502649368775
0 0.55859375 0.4758059764167191 0.234375 0.2706845553496283
0 0.89296875 0.5000668441179159 0.1453125 0.12538692431676957
0 0.953125 0.16827864157817796 0.09375 0.11889882213985134
0 0.46015625 0.0758754753204107 0.3046875 0.1517509506408214
0 0.728125 0.0636606735989794 0.246875 0.1273213471979588
0 0.70703125 0.36905992469528776 0.2046875 0.1993353450053421