0 0.10992652936685823 0.49204697987361196 0.21525333703942992 0.21590604025277607
0 0.6393907946885605 0.29159004070706124 0.14127041549465283 0.1183073439616777
0 0.7451640717177277 0.338406407735803 0.17585449375348397 0.15604636137453215
0 0.5407578519683487 0.26315518148023564 0.1240647347764936 0.11428158525525038
0 0.6042749304235716 0.1660478081199158 0.15587833703942983 0.21279432835784542
0 0.9022493429913583 0.20513580506769805 0.1037431444174139 0.11165455223856365
0 0.15481983108750158 0.14896536521971943 0.17603630093507644 0.1872963613745322
0 0.5600219781371942 0.48486972919624344 0.20606923458010193 0.24822721732199754
0 0.8960549269075301 0.4836702408433468 0.13497496369925485 0.11016729534115868
0 0.9152013992891878 0.8194882321369196 0.09903746369925485 0.1082838907731741
0 0.3975553570365143 0.9021025740624322 0.2883999455488822 0.16975473654387443
0 0.6656740979613279 0.9138401769576798 0.23963519262201594 0.11096623473485182
0 0.691990116504484 0.6014287081653442 0.1853567587805987 0.17841268430531088