0 0.8685954794474228 0.5624216063098724 0.21166408404557516 0.18165054250907636
0 0.32337544275689417 0.699958826615196 0.1365283051769673 0.09597302768032882
0 0.22113737954624485 0.6401925543720746 0.1680359104104042 0.12843270060802237
0 0.41967431910760566 0.7406885973754427 0.11934080517696728 0.0952726907221905
0 0.3502880112998025 0.8294845005314727 0.1419886208772782 0.18972302768032884
0 0.05553622439751245 0.7540428542583438 0.0975568104386391 0.0959438527754692
0 0.7971483297721238 0.9017268454354574 0.16525952090551305 0.16105419961943923
0 0.4138925688958442 0.51726834342111 0.19050171558737147 0.21975803756616052
0 0.07950215834426566 0.4770174392393158 0.129823278868608 0.08790585969555131
0 0.08192629223454913 0.1395983522811775 0.09268729991529541 0.09262785178688593
0 0.603770471131392 0.10761079501771549 0.28309946828879456 0.1502678913302129
0 0.3355510921498445 0.060658904676085756 0.23514781570031093 0.10310904844057556
0 0.2908407477220999 0.3846083992388783 0.17555998407381015 0.15056236859279987