0 0.10120509526267359 0.38735962031511306 0.20241019052534717 0.1809419695529872
0 0.5278750214851844 0.7236032099868217 0.137725729307785 0.09452268052176756
0 0.645881393036482 0.708659986917793 0.16913285956550989 0.12750789734428025
0 0.42236532790761955 0.7237708607489475 0.12053822930778502 0.09442268657189175
0 0.44558042062610176 0.8325327823919203 0.1473264586155702 0.18829995159900648
0 0.7457132174375986 0.8764792668738263 0.10030761646291494 0.09586701190385653
0 0.04711185888814136 0.7261539547222643 0.09422371777628272 0.15855790944452863
0 0.5267197144969223 0.5219725322937245 0.19567542740790564 0.21669766237139498
0 0.8462299530769617 0.6137025318027451 0.13106629353213642 0.0866738190854491
0 0.9663908033702174 0.3041507906815397 0.040686954997525504 0.09083407825883114
0 0.5360769408640313 0.07501571906200792 0.2840961182719372 0.14535899355709234
0 0.8066860119857877 0.11566448672140121 0.24010045680654776 0.14041696350286306
0 0.6970565479431505 0.4479406555357038 0.17809177973732648 0.1494283491396784