0 0.52890625 0.8953125 0.190625 0.209375
0 0.66484375 0.35078125 0.1015625 0.134375
0 0.60546875 0.24921875 0.1359375 0.165625
0 0.70546875 0.44609375 0.1 0.1171875
0 0.79453125 0.37578125 0.1953125 0.1421875
0 0.71875 0.0828125 0.1 0.096875
0 0.86640625 0.82109375 0.1671875 0.1640625
0 0.48203125 0.44375 0.225 0.1890625
0 0.4421875 0.11015625 0.09375 0.128125
0 0.10546875 0.11640625 0.096875 0.0921875
0 0.0765625 0.6375 0.153125 0.278125
0 0.04140625 0.371875 0.0828125 0.234375
0 0.35 0.321875 0.1578125 0.1734375