0 0.7597321863824872 0.3495735134164799 0.32893356496827514 0.2580605589778255
0 0.49676590571244805 0.26001990697839245 0.21704863466105592 0.18236609981466553
0 0.8904688427279075 0.7193180729424595 0.1519841406515056 0.10674605172143128
0 0.8161483998068164 0.6691246107840747 0.10979664065150559 0.10527283175849825
0 0.5781895536203479 0.5359673372856119 0.16130457694917483 0.10551093393541641
0 0.5895585848385411 0.4146379743089204 0.09340774881887377 0.0828521947351895
0 0.6663393065307547 0.17776794608595203 0.17409724282842376 0.1590178798517324
0 0.05257196161023063 0.2765005018140985 0.08899306733052792 0.09050100362819702
0 0.43919406332381267 0.8682019400106842 0.13528771397248338 0.12020835099579194
0 0.6920684820286507 0.24421140162091487 0.15160219473518968 0.09580855172143128
0 0.6080233203257528 0.07195196650437205 0.10763393992586626 0.08803076805616734