0 0.45507040268936266 0.18829213606069864 0.22852717870781625 0.31360454342324345
0 0.2580152313812705 0.3649508736547018 0.161702210693817 0.2074230099247975
0 0.8325601507001803 0.2855183163732103 0.09386018268618095 0.1480437018192456
0 0.7548805933720437 0.3201608360179174 0.09493178668045399 0.10592897642635143
0 0.5315169133911337 0.450306292594674 0.09080790802036276 0.15414815260503384
0 0.4330061407144978 0.37232037965055786 0.07443747334499946 0.08935790653397521
0 0.2643544960216354 0.17160113399378404 0.14249767735518085 0.16748721463952715
0 0.05972646610435885 0.7711151747309404 0.08105110001590836 0.12089900496239867
0 0.752167957431541 0.7580782129823881 0.1076681440165446 0.12682367328319835
0 0.3340311966899989 0.1873396040099947 0.08136018268618095 0.14746150496239877
0 0.14791188335454447 0.16305442576439766 0.079270424013363 0.10207623035529285