0 0.652423394391219 0.19157636241827714 0.20232157507848517 0.2839033430895541
0 0.8007667983933764 0.42750425117835034 0.14560018430531088 0.1851658612399268
0 0.2670281269783644 0.15943304557232324 0.0806435696514182 0.13792724687674202
0 0.33346203245085987 0.21922113602959875 0.08756195499752559 0.09110678903121974
0 0.5181623383074682 0.41820756099222134 0.07628361827193722 0.14414997579950323
0 0.6308360786965297 0.3761331695998695 0.06659435775648763 0.0784886143631847
0 0.8393368962002412 0.23894120004688224 0.12957239258219672 0.14758404800821018
0 0.8973750412688288 0.8841127994811482 0.07135710085908258 0.10975679508134384
0 0.2352590643358929 0.6417960936787293 0.0980833751693421 0.11303633118569749
0 0.7685740168470276 0.230756516205465 0.06666295680654777 0.1394079336450255
0 0.9526524457252714 0.2687599893726896 0.07045634215265544 0.09256929508134393