0 0.8178673939027137 0.572136276573567 0.3356265775927422 0.2750088025772479
0 0.6079337674179632 0.752145760403908 0.22089883636823088 0.19255042740790565
0 0.7848309557268454 0.18968894674538356 0.15469952335696496 0.11575555404758595
0 0.7361183225781774 0.26344402928710053 0.11237563103709683 0.10885710085908258
0 0.5693269423325032 0.47405505992893815 0.16398359514371955 0.11312187697836436
0 0.6302764656894684 0.5788377351891374 0.09606866943775678 0.08460072930778502
0 0.8007123008040582 0.7623861403229485 0.17802937476889086 0.1669019742194024
0 0.16976984085407051 0.9136010753056277 0.12763691818411554 0.09717597241038015
0 0.2992571685798269 0.2276558519907364 0.13939277210332374 0.12587418249628843
0 0.7979078980593488 0.6928958339005133 0.1542903463973609 0.10169305404758582
0 0.7907953946941365 0.8787071811415513 0.1087505258642473 0.09150582654882307