0 0.8320670365775774 0.5130209437236993 0.33586592684484523 0.28689488710812655
0 0.6784419708739774 0.28035723274644087 0.23283104053191012 0.20004467313564325
0 0.7155665109487771 0.865977274216253 0.16096135771838505 0.1210813702330853
0 0.6856296601504743 0.7822371912766286 0.11851918973360753 0.11335815027015243
0 0.5740714417479549 0.533378050625123 0.17027269072219048 0.11984625244707062
0 0.6589146739534577 0.45208589980681635 0.10193918479069168 0.08937501324684405
0 0.8699410627750316 0.3276117225796399 0.1880623685927997 0.1735168894703792
0 0.2906077539543327 0.028871566782373754 0.13121550790866543 0.04202878729346103
0 0.2503832268426575 0.688244077582147 0.1457820266917457 0.1314732332097769
0 0.8499588266151961 0.39244554889584243 0.16045202174883003 0.10858137023308556
0 0.8879496220528409 0.21434039626343723 0.1146938527754692 0.09606152286549072