0 0.2784772742162532 0.6901438834799295 0.3306597560752678 0.26280262268015625
0 0.5420611137792997 0.7750372717691825 0.2186656983633867 0.18398316351699648
0 0.14154518157316373 0.3217435691446265 0.15360120435383645 0.10836311542376223
0 0.2166195926430894 0.3711830631541767 0.11141370435383653 0.10688989546082901
0 0.4559772477225653 0.4997074003549705 0.16141370435383634 0.10863593393541641
0 0.44697924835553754 0.6218998588851582 0.09497024881887359 0.08290675843752063
0 0.37494059036565475 0.8604960782151192 0.1757143065307547 0.16063494355406327
0 0.9695164141499685 0.7482912995288146 0.06096717170006301 0.09200893992586608
0 0.5894221424656042 0.1649380746717401 0.13690477767481415 0.12182541469812276
0 0.34843016486775874 0.7940253408289909 0.15321925843752043 0.09742561542376223
0 0.4347645128683258 0.9600037437354733 0.10768850362819701 0.07999251252905352