0 0.4859016846753633 0.05849314693872156 0.2061783693507266 0.11698629387744312
0 0.03367720802831688 0.20768446786754638 0.06404541335136281 0.13463106426490726
0 0.14988674741404176 0.5903712842440246 0.2142454080203627 0.1561831185006845
0 0.8190298354550853 0.8733473248227626 0.1747465560152719 0.11754651583511766
0 0.8109509694064057 0.5148672350893192 0.11833292401336308 0.1018473079967011
0 0.5803720367202247 0.377777726709542 0.1405170066836355 0.1290463054894186
0 0.6338992154280412 0.6794478752976162 0.2301794906906352 0.1832002595669115
0 0.8943163580521795 0.35848319127838313 0.17185791335136286 0.13776808762187223
0 0.9716595607097254 0.6843349859472491 0.056680878580549175 0.15811402837152996
0 0.24374474073040614 0.4625979737400412 0.14480451734563574 0.09480769780928675
0 0.4547656987587231 0.6651222655059132 0.12601815467854482 0.09113712852981451
0 0.7495641953373634 0.01968539654301015 0.12412839067472685 0.0393707930860203