0 0.4648900317090236 0.9257291092636762 0.1923386917107738 0.12529764427970277
0 0.9567791709877081 0.8523361830479903 0.08644165802458374 0.11201390507947587
0 0.888104766843095 0.44466258150404414 0.20314885771838503 0.12255459019601869
0 0.27475726087441493 0.04354661415781779 0.16750051779449712 0.08709322831563558
0 0.2250835020143474 0.39740324573883073 0.10956068380210837 0.08496033175849815
0 0.4294712075652856 0.5749032192451429 0.1277668557412186 0.11056053248413775
0 0.42555439281308766 0.2675718688823232 0.21516869665368965 0.14949903611233467
0 0.11727761368706506 0.5357341141578178 0.16064302273741302 0.11326887023308566
0 0.05873962452429894 0.1935391796742472 0.10729252965749525 0.14417164065150562
0 0.7751829555881192 0.5534423591788584 0.1386751808363588 0.07193454210278442
0 0.600375320683697 0.3146675797747636 0.1199251808363588 0.07127977767481415
0 0.1983564477166349 0.9319072205110874 0.11456651878308036 0.0929365228654909