0 0.9410531472283503 0.38464217225425024 0.11789370554329928 0.22181084160399794
0 0.9480834359987813 0.8568446579862264 0.1038331280024373 0.09248721463952733
0 0.5601030934615154 0.8468961931373024 0.19365591645877273 0.24132712903138512
0 0.07361955231458361 0.2862606776264245 0.1291910020669146 0.19622864474715102
0 0.41249580769126715 0.19922928867024173 0.12330056699689199 0.1367080955329393
0 0.6214470843652876 0.38210163896069194 0.1524444114963739 0.15989303846084474
0 0.3127634431327932 0.4113547611676518 0.2226542117440431 0.2613870719592907
0 0.5352718740689866 0.08833038792498007 0.16818072745980875 0.17666077584996015
0 0.19086690260503386 0.08036593445085002 0.1719178494618807 0.10934938296032674
0 0.6514836106250232 0.7244154174967392 0.11828773531769166 0.16297949710451592
0 0.3854668507002258 0.5770846149727586 0.11258139081820957 0.14088617328319836
0 0.9232663337461151 0.12141658023596757 0.0904880669968918 0.13517982878371632