0 0.8962311761681814 0.27483362094775315 0.17337061850068453 0.21541826866768635
0 0.9546427889293853 0.7899580146170871 0.04861465940862679 0.16795115909060954
0 0.5862361182379873 0.8651036595009419 0.1610979390337981 0.22301258035608348
0 0.029518700778787543 0.47515395860414217 0.05903740155757509 0.1777625357138149
0 0.311969836434738 0.2811276745151803 0.10510870031656908 0.12364778003177204
0 0.549253224597971 0.39177129951682793 0.13235316191590946 0.14754893019392784
0 0.2605280422280905 0.519404970375265 0.18816054420664755 0.24066373051823947
0 0.40397078299038347 0.12491285633396128 0.14268290815498563 0.1805250714276299
0 0.07217286520197935 0.21120450689985884 0.1443457304039587 0.14634098620028232
0 0.6483449763138307 0.7164382885597793 0.09659751834239998 0.1531716387980701
0 0.3642715046853605 0.6573668461876915 0.09283602084968248 0.13124209172016937
0 0.8023150062682062 0.04814185065191841 0.11099498746358769 0.09628370130383682