0 0.35183249491161733 0.07900117788948886 0.23178998982323468 0.15800235577897773
0 0.87436923620519 0.05743212481311312 0.17391553482570893 0.06974084913967833
0 0.8960538856847917 0.43546622122231693 0.20789222863041665 0.17006810206654457
0 0.4610524389394081 0.9538592355620604 0.18542624491161738 0.08074198165323594
0 0.2980047258012822 0.6461199793155445 0.1338571008590826 0.11012040944452864
0 0.4332926933504223 0.42417173556206056 0.1603310696514182 0.1383908551898026
0 0.5310053335577697 0.7229132417103805 0.25875528154634875 0.1983203670936593
0 0.15094826209732928 0.5391301568122501 0.19371677973732643 0.1495192527304745
0 0.20198065411369903 0.8865955092715779 0.16353131275401314 0.16964994554888194
0 0.7682575135676674 0.3589224228213233 0.16165455223856356 0.10403403590796181
0 0.6803259028705038 0.6345178413410382 0.13945200361804452 0.09765677088084708
0 0.10560262607385329 0.13614605737798408 0.12949714947960164 0.1163431383672898