0 0.072384883519769 0.4297668563532695 0.13342397483619656 0.218591287293461
0 0.21821421185055306 0.011470724139284348 0.1395534237011061 0.022941448278568696
0 0.5985620052750058 0.12059019756077852 0.1805717102256999 0.2358531983633867
0 0.8763782771858077 0.8097518681645329 0.13764782467404083 0.19219247840045384
0 0.5194055284036236 0.7807861422959682 0.11629893019392804 0.13210815027015244
0 0.3846684695578955 0.5408109614405946 0.14324325973923263 0.1549107332097769
0 0.6845241935833132 0.6116392942954011 0.2089967191541536 0.2540228450053421
0 0.36358795088691387 0.8558010443802193 0.15793305113509043 0.19133930653075454
0 0.687249367688161 0.9469046717000629 0.1666613944801128 0.06515875244707062
0 0.47186886606989864 0.2070956711519087 0.10897735389503396 0.15996033175849825
0 0.6719990998345489 0.43149792650938623 0.10390802434972919 0.13792164065150558
0 0.0323537674465751 0.6891344218696989 0.04288870373287822 0.13110615626060226