0 0.14925201722584344 0.7106664220241807 0.10225751977166349 0.09489542401336308
0 0.4764207177966847 0.9457777660327713 0.06871019072219049 0.10844446793445747
0 0.07827496684528261 0.5535164460136812 0.10710152866891205 0.1371192866804538
0 0.5307844960084862 0.4204350574076784 0.10528436068413445 0.13085110534690844
0 0.4107651091640787 0.2775652100572701 0.09358285672980174 0.11197383601209036
0 0.283925377947159 0.18698456870622543 0.12744320357377176 0.17639996268299923
0 0.18912098905122302 0.8447874306969986 0.057008686767857863 0.09593066534054522
0 0.135312898138752 0.8801158560232263 0.03586851581733077 0.0753818080044546
0 0.07184330574340622 0.9223664433481812 0.05337435079830275 0.08339430267345413
0 0.5089506693932903 0.7836344914067239 0.06494852076024671 0.0991465720082724
0 0.28096363775862865 0.9310527420432706 0.06319501977166349 0.09444089067472702