0 0.763320920036306 0.7807414691603249 0.0977610207602467 0.10171132213985139
0 0.9503760027371942 0.42025036934565935 0.09924799452561146 0.06810021397248338
0 0.6169181053212891 0.8742608345840871 0.14007585475263545 0.10630954210278461
0 0.42962376338305386 0.4442434962869849 0.13376218775644108 0.104528787293461
0 0.30309970855386875 0.5840103791339423 0.11456651878308026 0.09293652286549073
0 0.22898307072087803 0.7235118779528159 0.1799023587069682 0.12642363466105594
0 0.8915931586675996 0.7222791500156984 0.09747717787060921 0.05645338584218216
0 0.9326611690477229 0.770133807457427 0.07633700692008247 0.03543155771188111
0 0.9697493797329511 0.8270906463875013 0.06050124053409789 0.052891876223535306
0 0.7921728429268183 0.4135886854950609 0.10092051285158128 0.06437501324684405
0 0.9587634822426839 0.6187697148991557 0.08247303551463218 0.06264882213985139