0 0.33939878378180627 0.18238556881725376 0.13515991316955053 0.1381939849563052
0 0.09022446404011567 0.47175899122451137 0.143762023356965 0.11190426959604131
0 0.4995490221033238 0.13318485385270126 0.17789298244902269 0.15817151583511757
0 0.6261512553437694 0.5942935015828457 0.169898626022532 0.15169419530200406
0 0.7731506243066724 0.49553305581862295 0.14600648495630536 0.13538723370266403
0 0.8674652624699053 0.3835308124825406 0.22723976458147632 0.19083090314042073
0 0.20260347743445783 0.20260347743445778 0.11665395407749282 0.09238137978345566
0 0.16895825164935263 0.14620271324869286 0.0844946719450392 0.06022209765100213
0 0.12649195533113405 0.08173939647650315 0.10204588479802065 0.07322220282385161
0 0.2572133872387961 0.5234531865265156 0.12317673871722894 0.10193823620994635
0 0.11356136097883725 0.281193827197031 0.11683581050398355 0.09863137978345567