0 0.7469326674395604 0.7897072413928435 0.1414158612399266 0.14084823320977707
0 0.34500707395722285 0.8756323947430389 0.11646131303532492 0.1477877139724832
0 0.8791133874835271 0.6764755766947207 0.16353630093507618 0.18379962504240907
0 0.5257146349494443 0.37312740971916336 0.1556874394987581 0.1772768065307547
0 0.6955862525340828 0.2913987161651 0.13991699375348396 0.15173116950744614
0 0.8509050116092691 0.2601883777831798 0.19975560206654458 0.2334920901960187
0 0.6530013811388152 0.8961333453838602 0.09756586729005097 0.12213294954451329
0 0.6868632967316639 0.9410539757837469 0.06290906615858276 0.07249504809323426
0 0.728433173195097 0.967733037671979 0.0735193132317166 0.016626994009550346
0 0.3885929266129426 0.7115773292266094 0.10541472872636941 0.1286557680561673
0 0.5320758027817882 0.9292682823145014 0.09748405405833438 0.10807044954451328