0 0.22487113514462206 0.21254704423852688 0.12411143019392785 0.13025233603812653
0 0.10508610957378157 0.6030374508935045 0.13612050649282176 0.10234552434972918
0 0.34940175649282174 0.09393163758354936 0.16657166558343128 0.1466137215897857
0 0.6195286647693571 0.48152354627041716 0.16021257142762996 0.14025462743398442
0 0.7151979005658976 0.32121156331654566 0.1365568831160271 0.12734552434972918
0 0.7602358908266649 0.17037972037856028 0.21242963636243797 0.1786546542193456
0 0.11062344886161427 0.2934715361208521 0.11241027110331836 0.08631142126547413
0 0.060681950079430245 0.2529244025977878 0.08217730032431154 0.05454322402541774
0 0.026256357141444874 0.20585453368522008 0.04651253571381495 0.06954093262955982
0 0.2711105300284768 0.5782578189952933 0.11723413879807003 0.09420574188232518
0 0.06419055397446424 0.40916076582831257 0.10306254464226869 0.08771028003177221