0 0.07561005817521724 0.4534073580124085 0.08287204210278445 0.1368465666772723
0 0.5930604198859643 0.7204719674172233 0.18129467313564335 0.22701812802354446
0 0.6629464001853345 0.2187372920909958 0.16822918874473985 0.1659533586887262
0 0.747790070704271 0.8105895321053133 0.18883435462398895 0.21929653469127147
0 0.5271031255057451 0.37112540073995115 0.10923613466105593 0.17619996801399934
0 0.7246824752355927 0.4875332927673135 0.3347123390148923 0.28190671737745243
0 0.05615197464502951 0.9267357700111358 0.11230394929005902 0.09673064401654444
0 0.36471716507664087 0.7240674927195885 0.15633436787083282 0.3173158640197265
0 0.289987560622288 0.29020956604072545 0.0853968413771451 0.1196954293443632
2 0.2778124867531561 0.10171014003818006 0.27625994355406325 0.17345787070336197
2 0.8455778509109738 0.20366791744904011 0.19829863466105593 0.17723630402608972