0 0.7828125 0.30703125 0.140625 0.103125
0 0.5 0.3328125 0.146875 0.259375
0 0.06328125 0.590625 0.11875 0.30625
0 0.89375 0.0703125 0.0734375 0.11875
0 0.08671875 0.08984375 0.065625 0.103125
0 0.77421875 0.15390625 0.0484375 0.071875
0 0.5390625 0.52734375 0.0453125 0.075
0 0.65546875 0.1046875 0.05625 0.1328125
2 0.7796875 0.746875 0.440625 0.4859375
2 0.28046875 0.8640625 0.09375 0.121875
2 0.45625 0.91875 0.0921875 0.10625
2 0.140625 0.42265625 0.09375 0.0953125
2 0.0671875 0.29375 0.0796875 0.1109375
2 0.653125 0.303125 0.1375 0.3359375