0 0.928125 0.23828125 0.11875 0.1953125
0 0.95625 0.89765625 0.0875 0.134375
0 0.74296875 0.10625 0.1796875 0.1828125
0 0.52890625 0.1171875 0.2109375 0.2140625
0 0.70390625 0.39140625 0.1203125 0.2421875
0 0.784375 0.29375 0.1078125 0.2375
0 0.7515625 0.9109375 0.1625 0.178125
0 0.10390625 0.290625 0.159375 0.2921875
0 0.89375 0.49765625 0.09375 0.1046875
0 0.5140625 0.39296875 0.1296875 0.2109375
0 0.43125 0.2046875 0.1046875 0.1265625
0 0.20859375 0.24375 0.0921875 0.0921875
0 0.82421875 0.57734375 0.1109375 0.1421875
0 0.7078125 0.68046875 0.18125 0.171875
0 0.43359375 0.828125 0.2390625 0.2734375
0 0.39609375 0.4734375 0.1625 0.2453125
0 0.09140625 0.9515625 0.09375 0.096875