0 0.17530204530593801 0.5901832841061194 0.181652656344514 0.15882053756616052
0 0.4504124545002436 0.673200008440138 0.24626328305375028 0.319116050417742
0 0.9154652651019793 0.5972741087813302 0.16906946979604137 0.34944553756616054
0 0.032736604860833976 0.7693548364638467 0.032960583206250116 0.14183467292769336
0 0.7618831634657994 0.9945391561589606 0.09778418977951393 0.01092168768207884
0 0.13182741508132007 0.7343670242202878 0.07551045269729176 0.0920548488211363
0 0.47789775560267406 0.47919268186212316 0.07554682028847245 0.0936173488211363
0 0.22761400018743125 0.8256870439919514 0.10505378875333342 0.15413835475263546
2 0.6920991938635765 0.15854589532172664 0.10974128875333342 0.1543293557412186
2 0.8424284618153475 0.27940617646209664 0.10912303970326391 0.1277668557412186
2 0.3278561623284376 0.20302281821223903 0.5213373246568753 0.40057027475176044
2 0.0550798110735074 0.5556252588972486 0.08768445079743066 0.14562551779449712
2 0.8547401978507299 0.8754362594659023 0.08666615824437507 0.10187551779449713