0 0.17578125 0.053125 0.1046875 0.103125
0 0.34375 0.68203125 0.109375 0.1875
0 0.68984375 0.55 0.0515625 0.096875
0 0.48359375 0.7890625 0.05 0.08125
0 0.17265625 0.68828125 0.0453125 0.084375
0 0.57265625 0.9546875 0.059375 0.0796875
0 0.434375 0.96484375 0.0640625 0.0703125
0 0.971875 0.06328125 0.05625 0.08125
0 0.25703125 0.21171875 0.1609375 0.165625
0 0.28046875 0.81953125 0.0609375 0.1046875
0 0.59375 0.471875 0.0609375 0.06875
0 0.46953125 0.553125 0.028125 0.0484375
0 0.71875 0.19375 0.1015625 0.121875