0 0.7883999455488822 0.14552410789309583 0.24008971057599685 0.17934424403245303
0 0.13430890583029137 0.5242540179821826 0.14443177693097137 0.11886018268618095
0 0.7528741161117006 0.8881752318985047 0.32776242739850936 0.21004989871099794
0 0.14716134631100797 0.04880057932845477 0.15057269262201595 0.09760115865690953
0 0.5832503998783631 0.47137063458786727 0.24146131303532492 0.14654992536599848
0 0.7672658098138709 0.2731223965627321 0.24298745159900648 0.14031810669954395
0 0.7330832699970843 0.70948715790105 0.2869556202169171 0.17832718403881637
0 0.19005334913967833 0.1681125586410012 0.15078177088084713 0.13612040802036268
0 0.21933438738533115 0.7693750666375013 0.15105448165323568 0.18299540802036277
0 0.4665007997567261 0.9508865066040938 0.22238406010845857 0.09008174936345306
0 0.39953340914994107 0.3180291006126843 0.12410109621281204 0.11549882535009015
0 0.5038976805217675 0.12695811059836676 0.1568772347764938 0.10963063335454448