0 0.5403371685630503 0.76328125 0.13288632001909004 0.140625
0 0.5297960406588185 0.0578125 0.149782918682363 0.115625
0 0.6700477759786828 0.15703125 0.16475448535963508 0.19375
0 0.6747047199236398 0.5625 0.1344670013526354 0.1421875
0 0.7476582252148691 0.87265625 0.14264312802354429 0.1734375
2 0.6461086472788207 0.4015625 0.18206925469445318 0.2046875
2 0.9153826218969139 0.759375 0.1534533586887264 0.1625
2 0.41232618264641 0.14921875 0.15230902936027152 0.1984375
2 0.2410104252466858 0.63828125 0.11222837468172653 0.1109375
2 0.24717696721836893 0.846875 0.12360222668681722 0.1484375
2 0.236154033975183 0.1828125 0.07456474267981754 0.096875
2 0.619279233887687 0.82734375 0.1266545013526354 0.1421875
2 0.5671434745385513 0.94375 0.12005905601527189 0.1125
2 0.5052820105824585 0.6203125 0.07142156134627217 0.0953125