0 0.1702689889799061 0.6799198250373774 0.16480790944452864 0.12907948770335978
0 0.4531269407753042 0.6737526800307883 0.20635103571156996 0.28712833703943
0 0.9068115187395478 0.4459155889843375 0.16752488504764002 0.3275260780624395
0 0.047062251374742105 0.9081170270291672 0.06950449980360826 0.13008747579950325
0 0.8344122604499283 0.9384798180052945 0.08809996369925485 0.10363406010845858
0 0.16077983861056375 0.8337760780624395 0.06452610831306052 0.08006020472226431
0 0.4386473260193361 0.476786776439992 0.06298178903121965 0.0831761143631848
0 0.2721667905041577 0.8914572887366322 0.08675563231716552 0.1411249697493787
2 0.8675298083599428 0.7519474203664267 0.0725113251355733 0.10979315651766246
2 0.8159587388817103 0.6188303933372594 0.06923178903121965 0.08321247579950324
2 0.6681060043998042 0.9203241947633153 0.13522949375348414 0.14765677088084708
2 0.23280795482046018 0.29041696350286306 0.46561590964092037 0.5777089270057261
2 0.7482869881943393 0.1645150771786767 0.09147040339440445 0.1458397408266178
2 0.5689221959416656 0.10800093588452067 0.17778060811666876 0.21040221057599678
2 0.35396623634762747 0.9317782825883121 0.10841246369925468 0.10375223477649342
2 0.04436956431187107 0.6995005511314681 0.08535675878059872 0.16924087939029936