0 0.8776963107892671 0.9334078547936251 0.20614200668363553 0.13214784500534194
0 0.21974799813013038 0.9609945529025576 0.14315111067790856 0.07801089419488463
0 0.9403550167090889 0.7514609395473482 0.11928996658182207 0.19191965988879928
0 0.9077868700270443 0.540213415500731 0.18442625994591139 0.22691470798203356
0 0.6885139900938594 0.7151687423650877 0.25316245735199916 0.1462847560752678
0 0.7987707847708134 0.7947694515282476 0.24674882535009016 0.1320040012659444
0 0.1713815814369498 0.768955875042409 0.20047380935708983 0.18192959019601868
0 0.6917340613462721 0.11942965643023828 0.3067783533577261 0.19032742195451688
0 0.6126343847867217 0.9054093072485448 0.1152442866804538 0.10554565027015243
0 0.6550731394016333 0.5257962183184706 0.22196700135263542 0.1498809820286507
0 0.8321527127227701 0.4421727303841882 0.1372465560152719 0.11724704210278443
0 0.7569692573599534 0.22244801822580335 0.1027079240133629 0.10198414065150559
0 0.5212548594445858 0.8374008625133553 0.15296246268299923 0.12560517912609298
0 0.39809807542963194 0.7229886437315486 0.18975448535963507 0.20029764427970279
0 0.20675327072722446 0.4531324676006804 0.2967499200349984 0.26807047603820083
0 0.556116924053134 0.41066723692279206 0.2630283533577261 0.18879963828925295
0 0.040380646682044746 0.11464534255827138 0.0793067866804539 0.10429068511654278