0 0.565598604777138 0.13515625 0.1631318004748536 0.1828125
0 0.6381793322781029 0.40625 0.32464361348611986 0.25625
0 0.544216102798581 0.896875 0.3528762620741938 0.20625
0 0.9588793110327088 0.68828125 0.0452335951437199 0.1046875
0 0.7109853126155545 0.07890625 0.09129024122451135 0.0765625
0 0.44386939113273377 0.45234375 0.09441524122451135 0.0765625
0 0.7966751085380617 0.16796875 0.1563529515702104 0.1109375
2 0.8266003569552162 0.77734375 0.12299488229073816 0.0921875
2 0.6846629095416409 0.76875 0.09615959765100221 0.0828125
2 0.9172183114284204 0.5359375 0.13901233887551356 0.159375
2 0.270107911520198 0.30390625 0.540215823040396 0.5796875
2 0.2294010965303749 0.8421875 0.1611768438900784 0.115625
2 0.12355219411486998 0.68984375 0.24710438822973996 0.2140625
2 0.8588508481132205 0.2328125 0.1255121285298145 0.125
2 0.5482412717076123 0.03359375 0.1816424565847754 0.0671875