0 0.47615323911540874 0.2634578040658606 0.16693950725639423 0.17374767735518085
0 0.6064879697084791 0.9387922430378619 0.16681053248413774 0.1224155139242761
0 0.7275494925739698 0.8306747654359953 0.20963792794496677 0.23359539202736243
0 0.6507018274125109 0.43508899809035945 0.16693950725639403 0.17374767735518085
0 0.6586259771345093 0.1186463854232686 0.1837103450053421 0.20674199069063523
2 0.21891611407299977 0.423030609365044 0.13240081614940155 0.16866018801718105
2 0.47920127261103673 0.8699896147358149 0.15024308057737185 0.18761018268618096
2 0.6520584523701018 0.5976708140913141 0.23316470798203354 0.19169879336408951
2 0.46969245190676573 0.06799076273072432 0.1338343413771451 0.12025905068427192
2 0.5414359879342825 0.18449755740767843 0.10754465988879928 0.12776246801399935
2 0.2905380766947207 0.878736264043589 0.0971329495445131 0.09796588001272681
2 0.8565599909295074 0.22489802745063098 0.16715776206571747 0.17999767735518085