0 0.9400670751350342 0.7173684675123357 0.08895601006798622 0.1346927893919517
0 0.32191583396874945 0.7228276391519554 0.2321254350298613 0.18516176820408994
0 0.3680895044653122 0.3523555154320797 0.11915134992375007 0.09120039462538872
0 0.1859075584175342 0.6171174234939967 0.10181837955902787 0.08394933674699842
0 0.3563239355080201 0.8914635180629157 0.10327177678548623 0.07935284200867017
0 0.02781097639710047 0.5730958657567807 0.05562195279420094 0.0851632262518894
0 0.03975729739961746 0.7118699394201865 0.07383884992375007 0.08856124203690499
0 0.7969898755718745 0.6800897334385256 0.23005509517409733 0.2302922576807461
0 0.20459908776847152 0.8223887524190744 0.128780923062014 0.10268392619541977
0 0.46654388184013856 0.42458610217907805 0.09255248233256949 0.08809080517696728
0 0.417867379655937 0.5664781995905944 0.058830792553055566 0.047117194681858446
0 0.7145131756274651 0.22389367036905056 0.12111389342673622 0.10847889988706054