0 0.2447220904897188 0.9740379232973643 0.16553571996293312 0.045051221589785584
0 0.41441703159671145 0.9663912443212525 0.13930060217691817 0.053962571427629766
0 0.6652206843987527 0.35769453409555246 0.23336311542376223 0.1539819366867496
0 0.07717508049255382 0.35950563920510714 0.15435016098510765 0.16848872158978576
0 0.36394089347709446 0.5784469594182163 0.19789684137714508 0.12213191882984216
0 0.233583760081983 0.5104527102289953 0.08866568511654283 0.0796250446422686
0 0.48938238149619495 0.4294718969190402 0.11755457694917482 0.10199096834337489
0 0.6996948218853973 0.8684996205407159 0.1232043762235353 0.0849125624991764
0 0.10211796135577658 0.6977908433450224 0.14945934137714506 0.12128643912238175
0 0.7991269145284867 0.5029234391289722 0.1265129146981227 0.1349398360381265
0 0.5834473839432657 0.262305941968346 0.272480179126093 0.15622627516050808
0 0.6300223166975558 0.030137918833137444 0.11495536660488845 0.06027583766627489
0 0.36251486896714125 0.08268049188562045 0.25093256134007813 0.16521944561520338