0 0.5137903248592841 0.8316571227220828 0.171160178245597 0.18971972948277802
0 0.6222921453708328 0.5630142658644786 0.3339555847795722 0.2668667237831947
0 0.5915089497523309 0.09352787519062482 0.35760710049533806 0.18705575038124964
0 0.9740538143108048 0.2824662485782978 0.028167849461880577 0.10210801386770836
0 0.6532123897892614 0.8877226719246523 0.09589900496239867 0.08183318787965277
0 0.43239704549466734 0.5182687295796871 0.09902400496239885 0.08190592306201391
0 0.7525274931800837 0.7995667488626383 0.1599272717116218 0.11610039152687505
2 0.13541084532805153 0.27623257883784713 0.1601455955329393 0.12078789152687515
2 0.269158760753367 0.13576862015663171 0.13500004631872758 0.11708101006798621
2 0.1818556598437442 0.6408756538759721 0.3637113196874884 0.5463736922480559
2 0.4679255531476624 0.9451026800927774 0.1508776033908223 0.08935605357097245
2 0.8603980368082149 0.1758551855080201 0.10734592721213972 0.09302526101791671