0 0.7609375 0.084375 0.171875 0.1203125
0 0.8625 0.5296875 0.125 0.1109375
0 0.88828125 0.13515625 0.14375 0.10625
0 0.84453125 0.7984375 0.1546875 0.0859375
0 0.65859375 0.84609375 0.134375 0.0921875
0 0.775 0.25390625 0.0984375 0.078125
0 0.79140625 0.33046875 0.1234375 0.078125
0 0.59921875 0.55234375 0.1609375 0.0921875
0 0.1890625 0.78046875 0.1234375 0.06875
0 0.978125 0.47734375 0.04375 0.0859375
0 0.97734375 0.30390625 0.0453125 0.0515625
0 0.43515625 0.31328125 0.1296875 0.0859375
0 0.17421875 0.39921875 0.121875 0.109375
0 0.353125 0.16640625 0.21875 0.221875
0 0.58984375 0.30390625 0.14375 0.09375
0 0.64140625 0.38984375 0.1328125 0.0609375
0 0.44609375 0.52109375 0.1125 0.071875
0 0.46171875 0.7375 0.140625 0.0890625