0 0.3192181625847511 0.372244980625411 0.17112421939110262 0.2518726773551808
0 0.17537259246970788 0.8319483393141371 0.16200920456235499 0.18148745202099903
0 0.6989003453982764 0.4444257792409587 0.07674818380210838 0.08210452267663584
0 0.313632712965312 0.21598588995863827 0.1744163626613009 0.141026084022908
0 0.9378620973382616 0.2609934718730513 0.12427580532347662 0.2796340506842719
2 0.673660195245177 0.918381447247004 0.1635425296574951 0.14246131468809012
2 0.5596945598464631 0.6727155059277761 0.42309257908665393 0.379745328055361
2 0.23187596596824256 0.6265063139720013 0.32976439034162974 0.27402149204327075
2 0.12599345011373073 0.15720287798377347 0.14941636266130084 0.14073518268618096
2 0.9233445188574423 0.8693605025461875 0.14204421444818677 0.22810791335136288
2 0.5593019931170988 0.3561638052594125 0.20313822334543535 0.2709863040260897