0 0.8705766766788632 0.08478496517219274 0.11695223734881743 0.1147351865718917
0 0.6448367154280411 0.6939519286750558 0.13043402936027154 0.19918290944452863
0 0.3124134720719058 0.5279057896203949 0.0621192866804539 0.1019170240041051
0 0.4951190734404496 0.7862353983262389 0.058812473344999464 0.08627384328594587
0 0.8146406854312229 0.7164031247149173 0.05416133601209054 0.08937157220870695
0 0.3914593661282214 0.9423177475641131 0.06818747334499946 0.08632838544042372
0 0.5276423141310849 0.9626206363241863 0.07111247867599957 0.06915906615858276
0 0.07612669533736345 0.029560234972885353 0.0647533906747269 0.05912046994577071
0 0.774656744032453 0.23457186261466884 0.18023403469127164 0.18228630093507645
0 0.6949378074474494 0.8366388775435876 0.07316587468172671 0.11135565651766229
0 0.41475667472945166 0.46011832592114016 0.06806020401018138 0.07539088544042354
0 0.5314725547421784 0.5531956393492484 0.03341248400699968 0.0517533975406721
0 0.31685278735677164 0.17082454264545704 0.11558973201781733 0.1319135962128121