0 0.19718126688027607 0.8627803281645438 0.2203018656270504 0.1630951211735024
0 0.8424221241043695 0.9462239892511424 0.14977450692008212 0.039726087675056476
0 0.11374538988451918 0.6592422593056249 0.18203254448624281 0.2190154813887503
0 0.14043392939066512 0.4497923306457431 0.25387305239490826 0.25979033870851376
0 0.38238264334456024 0.6631676641869703 0.26762253460041113 0.17621585938667828
0 0.27311507269804436 0.7285272985950393 0.25930069863085603 0.16335198635114878
0 0.8890849239906388 0.7851559026095429 0.2141447075281043 0.20335624813797323
0 0.37312843528498313 0.08336896402035462 0.32438187056996626 0.16673792804070925
0 0.45875543684222003 0.8662519687778655 0.12489652372599629 0.11810364474715129
0 0.41230627079742777 0.47548357361642984 0.2380623685927999 0.17795814185166686
0 0.23874941258475119 0.36537448118386234 0.1489070266917457 0.1332577638537389
0 0.3106231180985083 0.15068908891791072 0.11220552273741298 0.11283394789030417
0 0.5479970089716106 0.8088696542621729 0.16647652866891213 0.14343328453190338
0 0.6675826557018499 0.7085892103008101 0.21172004448624282 0.2203981989237615
0 0.8462727873190149 0.4587582225019192 0.30745442536197026 0.30212769602827727
0 0.5097622495428895 0.3699719741545491 0.2802790434976597 0.21891278163641914
0 0.9846734303420671 0.13941740943396863 0.03065313931586573 0.11261131596343472