0 0.66171875 0.834375 0.1203125 0.1578125
0 0.66875 0.5515625 0.2765625 0.190625
0 0.4625 0.08828125 0.31875 0.1484375
0 0.88359375 0.96875 0.1265625 0.0625
0 0.95078125 0.18359375 0.0984375 0.0828125
0 0.81484375 0.8515625 0.0765625 0.059375
0 0.47109375 0.55703125 0.0796875 0.0578125
0 0.87734375 0.74296875 0.1375 0.078125
2 0.765625 0.14140625 0.10625 0.0671875
2 0.63046875 0.18671875 0.0796875 0.0640625
2 0.925 0.3484375 0.140625 0.1265625
2 0.27578125 0.7625 0.5515625 0.453125
2 0.1734375 0.23359375 0.140625 0.0828125
2 0.1046875 0.409375 0.209375 0.165625
2 0.921875 0.66328125 0.0984375 0.103125
2 0.675 0.96171875 0.165625 0.0765625