0 0.38350103043221856 0.9091281750330567 0.1502648271096728 0.1124667797373263
0 0.7402990864418684 0.4673113257558536 0.25845124837514677 0.22897260628614954
0 0.25710298254683434 0.2858810255534549 0.19554214529089178 0.2022596200809595
0 0.8574575385531886 0.3376381931232797 0.25231034253094825 0.2348950576656305
0 0.3833360202892442 0.4525063608087053 0.19456029788867957 0.14600962008095947
0 0.5342285442352316 0.2879159955889859 0.3440183758091312 0.39112512550802636
0 0.8465016367628847 0.9834664337394837 0.12003185633066593 0.03306713252103251
0 0.7028065892812421 0.6893600661449153 0.33956488068039514 0.2254182383528967
0 0.2613730657422918 0.6646644448207603 0.1346398271096728 0.11164790818602892
2 0.09692873619698703 0.6341912935321364 0.1770569724005646 0.30588258706427285
2 0.2752102800317721 0.11589275214770656 0.21292056006354426 0.21409787878738676