0 0.6479022453453176 0.11463938642447809 0.2645544906906352 0.18725855536065775
0 0.15189469008590514 0.6387016971479812 0.16253745735199915 0.14405770060802237
0 0.8413362613780888 0.8427192599601938 0.31732747724382226 0.31168023520843346
0 0.044823246021635364 0.16112584239534578 0.08775563335454448 0.15975168479069154
0 0.5606413393936791 0.46716486714710614 0.2599033533577263 0.1901925543720747
0 0.6710681200270441 0.22646822437119957 0.2613931280235445 0.184006221368269
0 0.7807100334181779 0.6565151631162237 0.3103397053628168 0.22972989825029516
0 0.08996411803786189 0.2824397682887887 0.17054995202099904 0.16156353558899425
0 0.3128974667806766 0.8521951472617119 0.17890789202736243 0.20875687056996597
0 0.6069934594604941 0.9464916339158391 0.23428518801718107 0.10701673216832183
0 0.3369487533815887 0.3690298201894054 0.14058973201781733 0.1369163626613009
0 0.3735295013526355 0.1573402450942652 0.17027723201781733 0.13812603558899425