0 0.0515625 0.2890625 0.103125 0.15625
0 0.48515625 0.16484375 0.0984375 0.1078125
0 0.0875 0.159375 0.0921875 0.128125
0 0.75546875 0.16796875 0.0703125 0.1453125
0 0.825 0.35 0.078125 0.121875
0 0.21953125 0.265625 0.0671875 0.0890625
0 0.29375 0.24609375 0.065625 0.1125
0 0.53828125 0.425 0.075 0.1515625
0 0.8140625 0.8203125 0.0546875 0.115625
0 0.4171875 0.03359375 0.0796875 0.0671875
0 0.24375 0.040625 0.04375 0.08125
0 0.31796875 0.60078125 0.071875 0.1171875
0 0.434375 0.85546875 0.096875 0.10625
0 0.18046875 0.68984375 0.2 0.1875
0 0.290625 0.44765625 0.078125 0.1328125
0 0.37109375 0.39140625 0.046875 0.125
0 0.525 0.57890625 0.059375 0.103125
0 0.73984375 0.5515625 0.075 0.128125