0 0.515625 0.2328125 0.10625 0.11875
0 0.359375 0.9375 0.121875 0.125
0 0.25 0.79140625 0.125 0.16875
0 0.3390625 0.3953125 0.10625 0.1203125
0 0.33984375 0.07578125 0.1078125 0.1515625
2 0.3296875 0.55859375 0.140625 0.1765625
2 0.14609375 0.14375 0.134375 0.134375
2 0.4984375 0.8609375 0.1109375 0.1765625
2 0.77734375 0.4265625 0.090625 0.0921875
2 0.81953125 0.221875 0.09375 0.1296875
2 0.67734375 0.87109375 0.0546875 0.0859375
2 0.45390625 0.15078125 0.0984375 0.121875
2 0.53125 0.04765625 0.0984375 0.0953125
2 0.5171875 0.38046875 0.0515625 0.0859375