0 0.9020792305730811 0.8736562526623605 0.1631363251355733 0.11315722948277766
0 0.7366996702682309 0.9196987173274994 0.13641019867214013 0.08441398043270851
0 0.2885327975172308 0.4394384808139581 0.22738972267624522 0.14746080072118078
0 0.8481021984757483 0.19122626558013817 0.18374880698520074 0.16519250816812514
0 0.6421804931643089 0.5210631552071522 0.1928420058537325 0.1169732137152085
0 0.7383828065924172 0.4031833645539577 0.0848204275949012 0.07852634992375015
0 0.4752424571581512 0.43353005366788155 0.11306360226293624 0.09949346656500016
0 0.4343741009863901 0.9298608462209371 0.1192136083130606 0.08245143692972227
0 0.9242662853187866 0.5238738049990618 0.14285109621281222 0.11737195079743082
0 0.21541398096586462 0.6302284413950345 0.11950449980360825 0.13245143692972228
0 0.3307924995090207 0.31656337205649276 0.26646131303532483 0.14993249050069463
0 0.20063177995603346 0.10393869832888872 0.11144656010845858 0.09008209897381954
0 0.47073520169720223 0.0686012635833679 0.24459540339440444 0.1372025271667358