0 0.20382676117829135 0.91953125 0.17144346878180672 0.121875
0 0.14906491634258526 0.47421875 0.12262402286549076 0.1109375
0 0.08140861335520959 0.86796875 0.14282739546082907 0.1078125
0 0.19436009129232704 0.20625 0.15618056733052796 0.0875
0 0.3850595023622527 0.159375 0.13446925843752044 0.0921875
0 0.2066219228811892 0.75 0.09960318511654283 0.078125
0 0.19913929429540114 0.6734375 0.12304068511654279 0.078125
0 0.4146452763240518 0.453125 0.16259425843752046 0.0921875
0 0.8483109813108605 0.22734375 0.12427580290255769 0.06875
0 0.0244096898410482 0.525 0.0488193796820964 0.0875
0 0.015612553998865996 0.6984375 0.031225107997731993 0.053125
0 0.5539259980162654 0.69296875 0.12800100362819702 0.0859375
0 0.8232786879421317 0.60859375 0.12100695916315977 0.109375
0 0.6198634781459995 0.840625 0.21868554573098145 0.221875
0 0.3981571476534457 0.7015625 0.1438988221398514 0.09375
0 0.3550916831328082 0.61484375 0.13187004809323427 0.0625
0 0.5643079704262692 0.48515625 0.1118849303072194 0.071875
0 0.5711110750502583 0.26796875 0.13910219473518967 0.090625