0 0.747323348575439 0.5262282839148202 0.13475073620994635 0.12413148495630519
0 0.07387880304864317 0.30462165234899785 0.14301787727617327 0.1399838054894186
0 0.23510947123275866 0.20938204552679576 0.18704066191590937 0.1506318004748537
0 0.613162611903274 0.33498482145755026 0.13631323620994634 0.12417694906292791
0 0.917494759237707 0.3651590886128161 0.1458246285298145 0.12913723370266403
2 0.4530889299291051 0.30998012443968637 0.19687030298213629 0.16652958511458982
2 0.8912829148854101 0.16609110279858103 0.15436455423577727 0.15436455423577738
2 0.1289574449727998 0.45055026629733597 0.1928814849563052 0.13675115690134448
2 0.516239518475414 0.7686898832151751 0.10608016693047428 0.104563131037097
2 0.7127447939439502 0.8293221916740945 0.14380748746358768 0.11346676959604132
2 0.09181148297774817 0.6272635304831009 0.09405152837152993 0.06674488229073816
2 0.8378861640939874 0.47207432983732744 0.13608591567683312 0.11636444906292791
2 0.9282634600164945 0.558431715493278 0.10943248746358769 0.11246655925034225
2 0.6009484537482884 0.5133144099373522 0.09396060015828453 0.06361988229073816