0 0.2556373088424329 0.7271948008368806 0.15363528896022585 0.11963176483072288
0 0.5319310275928448 0.6686520895735126 0.1829251428552599 0.27603630093507653
0 0.924381301338609 0.3623991070365143 0.15123739732278202 0.3196499455488822
0 0.1776152690681329 0.9558096384654856 0.08905459172016936 0.08838072306902874
0 0.9675425377407623 0.862617275654425 0.06491492451847555 0.11139201795398108
0 0.28561295535114073 0.8781351321207739 0.05758640340856669 0.07688975292686635
0 0.4661445661493289 0.48000722521032796 0.056078450486467445 0.08000566256778666
0 0.4096504732080482 0.9132282704880638 0.07430234496658024 0.13948065651766228
2 0.22534446793633772 0.28956299063022606 0.44997982385996665 0.5385009812604522
2 0.6753875580349493 0.11563669476331524 0.1101307508107789 0.1334397347764936
2 0.49356481371699223 0.08176971311007959 0.10673301542127547 0.11779655405833438
2 0.8757065267820661 0.537853104109648 0.10654210064862327 0.10685905405833437
2 0.9590745856310894 0.6578934142181067 0.08185082873782115 0.12084883118569749
2 0.38433900730030535 0.7162260054609491 0.1842342727248761 0.35103630093507654