0 0.3350634080989458 0.03647815862285496 0.20174818380210838 0.07295631724570992
0 0.948974716388172 0.12600929602468167 0.09351918973360754 0.11248513103285877
0 0.14519580038056085 0.15095732087390695 0.22670837452429896 0.20295141832631983
0 0.11390401456301129 0.36454859492052416 0.22780802912602258 0.23167661905195924
0 0.42004460866978716 0.2599404181566838 0.25091519566510634 0.1460665012659444
0 0.35009154741481135 0.15784469401739942 0.24409219269935695 0.13178574645662094
0 0.9099427554000264 0.33722953822013335 0.15706703657757756 0.17867561542376215
0 0.15912974152268092 0.8237301327621394 0.30419670456235504 0.19005460344286257
0 0.5732863082892262 0.09856143013758334 0.1134496877564409 0.1038194591631599
0 0.36953131962075164 0.4465971699707823 0.21985619665368966 0.14966272721932725
0 0.16675914669305825 0.48332338757146276 0.13589769072219057 0.11864585099579195
0 0.1419024322448715 0.7104315245947713 0.10082235376405224 0.10025794954451292
0 0.6305947895061459 0.18549594574667996 0.15333985870696817 0.12549605172143127
0 0.6967079263505536 0.32439226543946065 0.1874548735357159 0.1968998257680484
0 0.7607916950964528 0.6279686440252487 0.2948163873758801 0.2661805938242157
0 0.4124297909518397 0.5808431951985258 0.2587568705699663 0.1853472560752678
0 0.7980755419032418 0.9574453236994959 0.1276448389353046 0.030982159888799286