0 0.9278894437564749 0.2570188295518953 0.1152355099247977 0.16125687418757345
0 0.495447278950332 0.15606167045799052 0.10672949710451593 0.11271028003177208
0 0.8932319615391553 0.12960294156460417 0.10298806699689216 0.13294095941492107
0 0.2245525820934852 0.17327999269639935 0.08191358767505648 0.14974662986961632
0 0.15346517845499402 0.3587459342544129 0.08863446856846857 0.12644549756436801
0 0.7599399644346394 0.24277687175853205 0.07453342721213971 0.09185230925276536
0 0.6857404851128038 0.22689850162814834 0.07406254631872766 0.11526253571381498
0 0.4395075322601009 0.41854407954860007 0.08689218610347993 0.15607845048646726
0 0.15894015901968386 0.827799897322782 0.0648330955329393 0.11822389448011279
0 0.564096733250777 0.028230545456342883 0.0843065334984459 0.056461090912685766
0 0.7373522967330123 0.030473109580372144 0.05029540653397539 0.06094621916074429
0 0.6574655119962213 0.582571803170276 0.08216614474715093 0.12164890340856652
0 0.5383900645202019 0.8430337905883742 0.10509422249741007 0.11112050649282175
0 0.794160683212505 0.6644921846647452 0.21527405128112634 0.19735010714144502
0 0.6865088107961481 0.42828372362497114 0.08914389081820957 0.13738299756436803
0 0.6069882847413004 0.37580933441986397 0.05745724317557439 0.12746252678536116
0 0.45112562076372686 0.571341797081196 0.06737589867609231 0.10577844155801372
0 0.23562905335255016 0.555587932225818 0.08580056699689198 0.13264095048646746