0 0.24272541125745026 0.76875 0.12105449459715381 0.146875
0 0.30515460572754716 0.48828125 0.27830555247554417 0.1640625
0 0.6169985132247667 0.0703125 0.32216196828879456 0.1390625
0 0.028409366180303697 0.8625 0.056818732360607395 0.08125
0 0.11607305005646973 0.059375 0.1120897472985769 0.0734375
0 0.09230047702834838 0.74921875 0.07809417889684286 0.053125
0 0.4927309294615402 0.540625 0.08103716837349921 0.05
0 0.06393624896693072 0.62734375 0.12787249793386143 0.065625
2 0.6811508744257473 0.7796875 0.5412884837914614 0.440625
2 0.8602879687123176 0.30625 0.13404034200867015 0.1015625
2 0.8927911136200549 0.4859375 0.11832433674699842 0.1
2 0.4397387922345491 0.1359375 0.10738683674699842 0.1
2 0.3210790684723212 0.05390625 0.12072129465362354 0.0875
2 0.2557475979762137 0.6390625 0.35468604195220055 0.1609375