0 0.34766305954878474 0.9544864703385543 0.197825377997928 0.08862720452587283
0 0.9636709716688404 0.8671611279363711 0.07265805666231913 0.10220791549465283
0 0.16625889412346928 0.8180045905554714 0.21788962903138528 0.18403060811666877
0 0.13984613564641388 0.6032562893258073 0.23326207195929075 0.21223742134838536
0 0.4491377065722473 0.7171132144848217 0.24630141935425698 0.12327491529826115
0 0.3725088941234692 0.8168046631569619 0.2409589478903042 0.10918514422102206
0 0.9361559396181367 0.6563508929634857 0.12768812076372668 0.16496244554888229
0 0.22331983767505648 0.14717848526747296 0.2981207845319034 0.16262830678880888
0 0.5928257022290212 0.8827286032448949 0.10905397642635144 0.09435905405833438
0 0.4099360037195445 0.5297904764868743 0.21541529238978613 0.13090560811666876
0 0.20946081472058045 0.48719495208998576 0.13158394789030411 0.10854881908544911
0 0.1996533593866782 0.2598466569104459 0.09640842721213971 0.0911613311856975
0 0.655265736141752 0.7971860129840111 0.1474272717116218 0.1133272226762454
0 0.7309655953235423 0.6607712691323313 0.17882712903138528 0.18380334913967838
0 0.8146491207592177 0.36020312168985513 0.28308228949430186 0.24220672247985348
0 0.46238029941909947 0.39741833802138854 0.25131855913900925 0.16391809601642038
0 0.8744927318030349 0.020292756639299393 0.12398546360606985 0.04058551327859879