0 0.9039771760531685 0.6406010738258268 0.1303027329258299 0.19622864474715093
0 0.48839204036837697 0.8376474716733497 0.13870173111680745 0.1483005669968918
0 0.8836536307120101 0.7755946579862266 0.1380399898232348 0.1654152923897861
0 0.21890837799847657 0.8790345667920043 0.11969942559888339 0.17235449710451575
0 0.14917348937300876 0.7077096844508499 0.12184177973732643 0.1537500463187275
0 0.7516843357095355 0.691337436107989 0.09956398801421251 0.11530397642635144
0 0.6774722297620703 0.7244089553384114 0.10547979534115867 0.13895980024766902
0 0.4338118402320914 0.5853444170824545 0.12792136137453217 0.18053087014004526
0 0.15683874095488845 0.23429145512901445 0.09602290818602892 0.13696065260503384
0 0.5547806009746836 0.9389873397464804 0.0952173247398008 0.0621062018192454
0 0.7267308440772786 0.8998049075719419 0.06215916327441153 0.05589043507002245
0 0.6514884203989592 0.37257678164092833 0.11526423111680728 0.1472089478903042
0 0.5344934294440706 0.13642957403071454 0.13541295680654794 0.1450300177826803
0 0.7875254969477823 0.2602501019475893 0.2695976062861497 0.2666225355653606
0 0.6795238099289381 0.5216842156774936 0.12545810266810484 0.1632705955329392
0 0.6003032994134886 0.5908387841221276 0.09018234396167771 0.14448205417661059
0 0.4459068057450666 0.4289124805646899 0.09709408525525039 0.1276584272121397
0 0.23296639247065504 0.4918256652204277 0.1206068283578455 0.1599272717116218