0 0.0328125 0.5470835056820429 0.065625 0.1777079886359143
0 0.35 0.7962344772751239 0.1375 0.14302507142762977
0 0.02109375 0.6777568072241704 0.0421875 0.15386138555165907
0 0.60546875 0.8777127536567433 0.11875 0.16613528896022595
0 0.7359375 0.7285604131543899 0.121875 0.14900233603812651
0 0.13515625 0.6179533388807956 0.0984375 0.11109323295387145
0 0.1984375 0.6598175105533068 0.10625 0.13466710064862308
0 0.4921875 0.5679713352306429 0.1265625 0.17564665665497756
0 0.89453125 0.28126089895093037 0.0953125 0.1344761858759707
0 0.23828125 0.8974032853100731 0.1046875 0.0940148271096728
0 0.07734375 0.8369312098219581 0.071875 0.09656708279171582
0 0.3484375 0.3321992508140742 0.1140625 0.1441784683433749
0 0.55 0.12868096428948034 0.1359375 0.13987279788867957
0 0.2515625 0.20498396022899526 0.2671875 0.2593512751605081
0 0.26796875 0.46797883807001667 0.125 0.15843188311602727
0 0.3234375 0.5459168774372796 0.0921875 0.14067163879807013
0 0.5359375 0.41798892614003336 0.0953125 0.1235386858759707
0 0.728125 0.5115092808491416 0.1203125 0.15366256249917623