0 0.18359375 0.03828125 0.1546875 0.0765625
0 0.35546875 0.02578125 0.1328125 0.0515625
0 0.67578125 0.57734375 0.215625 0.115625
0 0.08046875 0.71484375 0.1609375 0.1421875
0 0.35234375 0.4296875 0.1859375 0.090625
0 0.23125 0.5265625 0.0796875 0.0671875
0 0.49375 0.54765625 0.1046875 0.0859375
0 0.65 0.06640625 0.1140625 0.065625
0 0.0796875 0.37265625 0.1328125 0.0984375
0 0.79140625 0.40390625 0.10625 0.1171875
0 0.60546875 0.690625 0.2578125 0.1125
0 0.68125 0.925 0.1046875 0.0765625
0 0.40859375 0.91875 0.2328125 0.125