0 0.8648227385800393 0.09490253482780726 0.1283440852552502 0.12414654800821019
0 0.26965856626051615 0.38684251160926914 0.2138655054270669 0.14651242739850953
0 0.45414427238969557 0.6989481227509999 0.10993492198083885 0.0709306444174139
0 0.18556577001484637 0.5449953791939077 0.09406426051544958 0.06615224082661797
0 0.23619204828183477 0.2201908219141194 0.09546298620519007 0.06303633118569749
0 0.04135318181891988 0.6660340661585827 0.08270636363783976 0.07552724082661796
0 0.023780579489499205 0.5322448734383711 0.04756115897899841 0.07698974687674216
0 0.9442326045927281 0.8760712424769377 0.02407930913596843 0.0719931746680352
0 0.7206456134106972 0.20659803804926108 0.20538462008095948 0.19332379488495227
0 0.12376289009580584 0.35238972267624524 0.1198831320667471 0.08192268657189175
0 0.516167316826343 0.5891191256778662 0.08353619629109836 0.0739011083130606
0 0.4161850062200364 0.483818026439992 0.05509029172311397 0.037809072208706954
0 0.8112474434660232 0.6549178842620732 0.14717597241038013 0.12581813231716552