0 0.16075327718580773 0.8338908858558245 0.19806712743398433 0.16577087452429923
0 0.16216440381230846 0.377258883878658 0.15083757142762994 0.14354836463846715
0 0.07184868992986523 0.7569874876427104 0.11958757142762992 0.14227502471457926
0 0.2405040434244527 0.11763453308035529 0.17241256249917614 0.12725220258518868
0 0.4318830198855023 0.10827282604654234 0.15525233603812652 0.1281143656270504
0 0.18516512174864622 0.6648079634224227 0.11580800649282175 0.10464769072219049
0 0.1869264448011292 0.5865556294300338 0.1409171006486231 0.1119163626613009
0 0.42382465259449253 0.4080327455141946 0.18036143019392786 0.13538303756616052
0 0.874822316556366 0.2676943166178211 0.13762845941492116 0.10241402866891205
0 0.0375598701270884 0.40500849357420937 0.0625739123370204 0.09623301285158128
0 0.018616775564249944 0.5738685815209308 0.018251168019063256 0.061637836958138334
0 0.5301327483718516 0.6757693907615592 0.1488659683433749 0.12004719764227278
0 0.8032156923654972 0.6443151664275407 0.14768529788867965 0.1418585306460784
0 0.576719196422687 0.8364867148681163 0.27031604869945836 0.27957338935304676
0 0.3772980746707455 0.6538519228905124 0.1646818831160272 0.13162136760421675
0 0.3459332520252996 0.5589678458182059 0.14533186525911965 0.09648236364988402
0 0.5656224147693572 0.4694902158566994 0.12825345941492117 0.10203202669174569
0 0.5993995767026357 0.254680957948034 0.15991256249917624 0.12674286661563353