0 0.25078125 0.035117824440490115 0.1640625 0.05451633374611503
0 0.42265625 0.04234178122213443 0.1390625 0.05178944003242131
0 0.66328125 0.6316740707164364 0.2296875 0.154447867244561
0 0.071875 0.6580351319268695 0.14375 0.1691952638537389
0 0.36328125 0.4270763461521119 0.196875 0.12479460049533805
0 0.23046875 0.49979675454811395 0.0875 0.08220037799792798
0 0.4875 0.5687994274170276 0.115625 0.10538532092583353
0 0.70859375 0.12440953432250632 0.121875 0.08692641935425689
0 0.1015625 0.32035534946188077 0.1453125 0.12239303846084475
0 0.8015625 0.48264587344530485 0.121875 0.13692641935425698
0 0.578125 0.7300516046291672 0.2703125 0.15946500702931327
0 0.6203125 0.9635082479308309 0.1140625 0.07298350413833816
0 0.3515625 0.9174037276669512 0.2484375 0.1651925446660975