0 0.9578125 0.17734375 0.084375 0.15
0 0.9703125 0.3484375 0.059375 0.128125
0 0.409375 0.7015625 0.1078125 0.2109375
0 0.27578125 0.10859375 0.134375 0.1625
0 0.559375 0.36953125 0.0828125 0.18125
0 0.4625 0.25390625 0.0640625 0.075
0 0.440625 0.5171875 0.08125 0.1
0 0.92109375 0.64609375 0.0609375 0.109375
0 0.61796875 0.09296875 0.09375 0.128125
0 0.5828125 0.80703125 0.1140625 0.1
0 0.296875 0.63828125 0.1015625 0.2515625
0 0.0625 0.72734375 0.071875 0.1
0 0.0703125 0.45390625 0.115625 0.2265625