0 0.17890625 0.63515625 0.159375 0.128125
0 0.46015625 0.6640625 0.196875 0.2828125
0 0.9234375 0.49453125 0.1453125 0.3234375
0 0.034375 0.846875 0.06875 0.13125
0 0.815625 0.96171875 0.0859375 0.0765625
0 0.15546875 0.7875 0.0625 0.0796875
0 0.46171875 0.465625 0.0609375 0.0828125
0 0.26171875 0.85859375 0.08125 0.1390625
2 0.62890625 0.10546875 0.0859375 0.1375
2 0.79296875 0.19609375 0.090625 0.1109375
2 0.271875 0.1890625 0.459375 0.378125
2 0.04453125 0.6265625 0.0890625 0.1296875
2 0.884375 0.78515625 0.071875 0.0890625