0 0.09794717209238049 0.723544929353484 0.10119508706427269 0.1756313527754692
0 0.5117783779944173 0.8550057653602202 0.13335913387576942 0.13484452669174588
0 0.1274000559681499 0.8541556007983028 0.10917800542706693 0.14945085475263548
0 0.780736417908509 0.8550508222037528 0.11139560266810485 0.16201452174883002
0 0.8406049836031982 0.6735090035344032 0.11666295680654777 0.14351918973360736
0 0.24128109226419703 0.7512136260071737 0.09446705223856355 0.10675401878308044
0 0.3164006009706243 0.7714253083264073 0.1003828595655099 0.13038251977166357
0 0.5504060295101839 0.5954198597327324 0.11961753844375381 0.17014535672980174
0 0.8041972563315781 0.2019377510629453 0.08952724672063965 0.13149935079830274
0 0.44892093113749204 0.9704119535737717 0.10072369629109837 0.059176092852456466
0 0.2769231004047974 0.9649166872621494 0.06659435775648763 0.07016662547570114
0 0.321908136023476 0.41538089676742035 0.10704229534115868 0.1384496877564411
0 0.4247620618495021 0.1615303379839025 0.13007035956550989 0.13159219269935693
0 0.1799452860689045 0.32462195110231395 0.2589942989592033 0.24130938539871388
0 0.30267121438132144 0.5689542243340184 0.11715427973732648 0.15289418973360752
0 0.3859650712332979 0.6261393246380297 0.08516729534115867 0.13755834980971962
0 0.5297992011523384 0.44022302376317723 0.0904346494796016 0.11906301779449713
0 0.74496717774659 0.4700391522418089 0.11378361827193721 0.1480793557412186