0 0.026668343782904752 0.8391983126591367 0.053336687565809504 0.15879429201145429
0 0.014122112128169054 0.6691312606620002 0.02824422425633811 0.13661020934118148
0 0.5493126713572709 0.31370358525623077 0.13948524715740263 0.22334768801718105
0 0.6838446929686557 0.8992400012333228 0.15982856826055958 0.17049540802036275
0 0.3995963085136749 0.6456904766072754 0.11110264192396553 0.19178860534690845
0 0.49594141651912216 0.7608967585932761 0.07669827886860787 0.08364884134309047
0 0.5183070531108287 0.4975336925923216 0.0969953683170294 0.11042951734563573
0 0.03851022120197917 0.3719653593252731 0.07702044240395833 0.11802384134309048
0 0.34056512982859355 0.9219717132797751 0.11269596302712266 0.13871814934754453
0 0.3765947791509567 0.20953534794718426 0.12842737884037306 0.1139181440165447
0 0.6627689556287251 0.37640248524032244 0.14194238922254243 0.26553518801718107
0 0.8975527502823486 0.2862298292091421 0.08752936305535783 0.1087579293443631
0 0.889484832120611 0.5587951725414149 0.15142380503579284 0.24066245735199915