0 0.056943798054692116 0.20676308440715124 0.10242339439121899 0.1958488311856975
0 0.13146675825214205 0.868250030250621 0.10235479534115868 0.13492951190385655
0 0.20836909995457148 0.08396995814010988 0.18162621551297517 0.15725902985783757
0 0.4236222857302202 0.0920460785534188 0.21286957146044044 0.1840921571068376
0 0.29831682779201857 0.3538415757247484 0.1251925090451115 0.24284200585373253
0 0.20039390490666859 0.2598512020899857 0.11244684757972223 0.23808178298109556
0 0.3452393311829206 0.8763841962362532 0.1674751843053107 0.18529312626704134
0 0.8782765654675467 0.2363701910698918 0.16531289800926352 0.2930601744716433
0 0.12834956580623094 0.46580174112120537 0.09619332654882311 0.10677724082661796
0 0.4888189970593239 0.35038880191703503 0.1328478787873868 0.21008404800821018
0 0.5374225141334942 0.1594229134515494 0.1081953595655099 0.12715337334017515
0 0.7657455879687839 0.19169856138500482 0.0939757293077852 0.09426815046753823
0 0.21209047998515365 0.542681882808145 0.11370173111680745 0.1428056444174139
0 0.34627845149102265 0.6427131781840764 0.18713258706427266 0.17291130093507653
0 0.6466170454527003 0.7816337358566482 0.24714275214770645 0.274791963502863
0 0.6202161612382466 0.4269916876520462 0.16762567051050076 0.2477749455488823
0 0.9816892497728574 0.9076997695251148 0.03662150045428518 0.12391019867214012