0 0.4477688928552599 0.26468978790031217 0.24628643912238174 0.15098584422416686
0 0.9227437991064956 0.24028005499906174 0.1545124017870087 0.1489856267092362
0 0.4106872731286179 0.6477393304533677 0.07776253571381489 0.0705320119678472
0 0.29771829991727444 0.22050664285805532 0.13252394805083528 0.1655185100679862
0 0.15284136565956624 0.875705901976111 0.2736125982129911 0.19535409327423636
2 0.8765634634688155 0.7408444058727424 0.1354307597392328 0.15309124525034737
2 0.6703838271063776 0.5705721927262147 0.3599433847375849 0.39884407560680585
2 0.7178222942352316 0.24355444462607578 0.2584706136342666 0.3121415497712502
2 0.293073890015886 0.04814459963940963 0.13302278003177204 0.09628919927881927
2 0.7574391367628847 0.9460430117804162 0.22315685633066593 0.07860169794763934
2 0.3641826456946336 0.49094512300642335 0.26401940990138845 0.18263588772715292