0 0.665625 0.96328125 0.1640625 0.0734375
0 0.8296875 0.57265625 0.1171875 0.1125
0 0.79765625 0.95703125 0.1359375 0.0859375
0 0.8515625 0.30390625 0.1484375 0.0859375
0 0.67734375 0.2125 0.128125 0.09375
0 0.7046875 0.825 0.09375 0.078125
0 0.73125 0.753125 0.1171875 0.0796875
0 0.57578125 0.4890625 0.15625 0.0921875
0 0.2078125 0.16640625 0.1203125 0.06875
0 0.953125 0.65703125 0.0734375 0.0890625
0 0.93046875 0.828125 0.084375 0.053125
0 0.3796875 0.6859375 0.125 0.0859375
0 0.13671875 0.5390625 0.1140625 0.1109375
0 0.278125 0.81171875 0.20625 0.2234375
0 0.5296875 0.73203125 0.1375 0.09375
0 0.59296875 0.65859375 0.128125 0.0625
0 0.42109375 0.4828125 0.1078125 0.071875
0 0.46796875 0.27265625 0.134375 0.090625