0 0.94921875 0.2546875 0.1015625 0.184375
0 0.91875 0.91484375 0.0890625 0.125
0 0.778125 0.096875 0.1640625 0.19375
0 0.56328125 0.103125 0.190625 0.20625
0 0.709375 0.39296875 0.0984375 0.23125
0 0.8 0.3015625 0.084375 0.228125
0 0.70625 0.91640625 0.146875 0.1671875
0 0.12109375 0.2546875 0.1328125 0.278125
0 0.8890625 0.5109375 0.084375 0.096875
0 0.51953125 0.3828125 0.109375 0.1984375
0 0.45546875 0.18984375 0.0953125 0.1171875
0 0.2296875 0.2140625 0.0828125 0.084375
0 0.81171875 0.5859375 0.0984375 0.1328125
0 0.68515625 0.68125 0.1671875 0.153125
0 0.396875 0.81015625 0.215625 0.25
0 0.39453125 0.4546875 0.1390625 0.23125
0 0.04140625 0.92421875 0.0828125 0.1140625