0 0.5216692870890165 0.7506738822242311 0.15193871551297528 0.16043269780928676
0 0.49585805461341276 0.06372180001263528 0.15828389077317445 0.10289298244902274
0 0.6385125440979632 0.13359769398185597 0.18926165309764614 0.21768290815498567
0 0.6525419080744873 0.5377456363808664 0.15193871551297528 0.16043269780928676
0 0.7320501871344451 0.8420814468848498 0.16615834577069996 0.19360891066226812
2 0.23740050769037446 0.6657232545523465 0.11608310266810493 0.16094952335696497
2 0.388972889529979 0.16232913308216101 0.13260886137453215 0.1785916644231918
2 0.6170215671650274 0.3794413913954312 0.2196175384437538 0.17176265439406196
2 0.5601165541631868 0.9427082695295343 0.12431832654882306 0.10970527210332363
2 0.6030554059267808 0.8101601939818559 0.09520403663473154 0.11977895407749273
2 0.2036628312985215 0.20466608260730731 0.08896068068726617 0.08995506175762476
2 0.8967345641128096 0.6856903575471179 0.14609815128862386 0.16806334138279588