0 0.9635809646395271 0.2903530272259925 0.07283807072094568 0.1346927893919517
0 0.3558691261359012 0.273819847693865 0.23940075599585597 0.18846877872743367
0 0.40373100723420113 0.645482745091264 0.12119010339082212 0.09276289462538863
0 0.21971976447291142 0.3781040712443315 0.10527400496239876 0.08560284200867016
0 0.38959765508623323 0.10656445825956107 0.10505568114108117 0.08091534200867016
0 0.05555025661502857 0.4190006289815475 0.07253427956950458 0.08525423151356133
0 0.07258359118971311 0.28013555005646973 0.07744010339082216 0.0902147472985769
0 0.830637993794747 0.32528801129980256 0.23838621960192583 0.23359926820408994
0 0.237566428245597 0.1726052291650741 0.13263702564056318 0.1043374314570916
0 0.5022733610393081 0.5747236530825939 0.09611732878371626 0.08974431043863902
0 0.4517553225784633 0.4319593004094056 0.05992296360606986 0.04867969468185844
0 0.751560693337681 0.7803310980468009 0.12511562406898663 0.11013240514873246