0 0.1792112979100143 0.19501505521006773 0.25270788524403187 0.208591711744043
0 0.872362896853301 0.5272178188544097 0.15387040944452862 0.1352569114963739
0 0.30212013718893943 0.9044734842842341 0.34489538524403185 0.19105303143153166
0 0.8025482830792914 0.07252601074885777 0.16134656615858275 0.07780828453190332
0 0.42079585167376116 0.5054047074008169 0.25096357806243946 0.17726893713693706
0 0.21509023145684392 0.32087123386994953 0.25092721662612105 0.17101893713693722
0 0.2988400802037388 0.7543430134394541 0.2980385659621911 0.21382717535011295
0 0.7758135871376257 0.17593995512450528 0.16022949375348397 0.15429800992479742
0 0.8168088302037388 0.7784677956950459 0.16674311416679294 0.1999016083532208
0 0.5906695527817882 0.9586452156729844 0.2271715540583344 0.08270956865403108
0 0.5854163669954634 0.34046256575403777 0.1335397287263694 0.13118584160399793
0 0.45938006606038695 0.15651559718556912 0.16320904800821018 0.12944355913900915