0 0.9274209485094767 0.8377014869348622 0.14515810298104662 0.21194973370266404
0 0.977074076302517 0.18930710253255303 0.04585184739496597 0.14520485141192582
0 0.734542321335609 0.9179904482049981 0.20844185442427943 0.16401910359000382
0 0.5231125157112565 0.8873278184215423 0.24692646567298446 0.2253443631569155
0 0.7185362158778723 0.6528621710206024 0.16029976095825482 0.2590065901291547
0 0.7914536391610705 0.761089859658689 0.14750866252983136 0.25239287727617316
0 0.8057128066578099 0.14593387259081272 0.19198210049533806 0.2021943004748537
0 0.11977338419867181 0.6619664540774928 0.19253437220695976 0.31455790815498563
0 0.9162416617012618 0.5759145407749282 0.11163532092583353 0.11871655925034226
0 0.5290905721641785 0.6223837461725693 0.1651670434232436 0.2295009465556454
0 0.43262660276714043 0.7959001510288497 0.1252269400324213 0.14251777210332364
0 0.21316381926869438 0.7239783722616083 0.10792812406898662 0.10612563103709682
0 0.8527912837033338 0.48668690472326637 0.13532968610347992 0.15841555674305993
0 0.7442445754739474 0.3672800236861694 0.21051377667402066 0.19805236975432586
0 0.4819692456567738 0.18020460635998373 0.2842852245643247 0.3078652904457238
0 0.41769284573782706 0.5255194548689156 0.20292390860089 0.2696091210079672
0 0.15052869292790544 0.03246682218246605 0.10730738585581086 0.059296095143719627