0 0.8078125 0.95 0.1921875 0.1
0 0.14609375 0.9265625 0.13125 0.090625
0 0.925 0.78125 0.15 0.16875
0 0.909375 0.56640625 0.18125 0.196875
0 0.65234375 0.71484375 0.2390625 0.1046875
0 0.75 0.8046875 0.234375 0.0921875
0 0.12890625 0.7140625 0.1796875 0.1515625
0 0.7453125 0.12578125 0.2875 0.140625
0 0.54765625 0.89453125 0.103125 0.0875
0 0.64765625 0.52421875 0.20625 0.1140625
0 0.8359375 0.459375 0.1234375 0.096875
0 0.79453125 0.234375 0.090625 0.0859375
0 0.4671875 0.81796875 0.1390625 0.1015625
0 0.36171875 0.6921875 0.165625 0.171875
0 0.21171875 0.4046875 0.265625 0.2234375
0 0.56640625 0.4 0.2421875 0.146875
0 0.07109375 0.05 0.1203125 0.0859375