0 0.9141419060289341 0.6798049344209117 0.1717161879421319 0.2448631999091429
0 0.4418923780376339 0.10285284656366948 0.11902779691210785 0.14816526232447189
0 0.1564609196770822 0.7823068097017956 0.25493555897782544 0.33308689620024123
0 0.9315253077118811 0.05159742339540605 0.1363789880191007 0.1031948467908121
0 0.5634747783926043 0.5363470200148464 0.1457936827542902 0.2447060696514182
0 0.7885169623280207 0.6826543747191162 0.13959824645662094 0.24594102103089915
0 0.3509996041606528 0.7274987217330116 0.17706353012188494 0.29157442559888336
0 0.8008407921027845 0.09421599446139142 0.13481648801910034 0.1536716338757694
0 0.21236362386128266 0.2315012262555674 0.18476192431676958 0.15472952283992142
0 0.06865086251335528 0.509057417458283 0.09524804573098153 0.226460680687266
0 0.686123560791924 0.3279878861390769 0.11513890507947586 0.12612648801421233
0 0.8912500596107975 0.3970709995497741 0.11003474282842376 0.1586114393936934