2 0.31640625 0.58515625 0.1390625 0.1203125
2 0.23359375 0.77265625 0.075 0.1046875
2 0.45390625 0.60625 0.1375 0.1140625
2 0.19296875 0.684375 0.1828125 0.1390625
2 0.1015625 0.88515625 0.203125 0.2265625
2 0.4015625 0.88984375 0.35625 0.2203125
2 0.32421875 0.75703125 0.084375 0.134375
2 0.4984375 0.76875 0.2828125 0.2484375
2 0.6765625 0.975 0.075 0.05
2 0.6765625 0.72890625 0.171875 0.3296875
2 0.81875 0.8234375 0.2828125 0.353125
2 0.5375 0.52890625 0.2515625 0.0828125
2 0.8875 0.5015625 0.08125 0.078125
2 0.5921875 0.94921875 0.078125 0.1015625