2 0.30450188581864335 0.5528100637871489 0.15703786167271758 0.139667679126093
2 0.18955868224487152 0.7240451683263198 0.0920840237259962 0.11555556733052796
2 0.43569087741568635 0.5972917284852717 0.15678319368794008 0.13341767912609298
2 0.1644087850203406 0.630848239833199 0.20174286661563356 0.16463296279135697
2 0.08662993079917779 0.7980233269491748 0.17325986159835557 0.28354665389834965
2 0.3304808181006959 0.8655828491816934 0.38933039133021285 0.2688343016366133
2 0.28109226623726025 0.7241121449126748 0.10735619665368965 0.14573414065150558
2 0.4499722588228865 0.7652158384667382 0.320771392318796 0.29049111306150943
2 0.5861485448689914 0.9828596623358701 0.08504084486680377 0.034280675328259846
2 0.6334532622829275 0.7551935416394484 0.22969540615896059 0.35284229092165803
2 0.7537883255150697 0.8382292086150057 0.3421954061589604 0.3235415827699885
2 0.5320830577577537 0.535721800625123 0.260961357718385 0.12457344718226046
2 0.882100303803421 0.5667213517984001 0.09256418479069169 0.08904763103285873
2 0.5101099682909764 0.9513492401496851 0.09670785672980173 0.09730151970062977