2 0.32010161902941003 0.5808912649771878 0.13769387978345576 0.11797241316955046
2 0.23799249802144296 0.7692885237526764 0.07483016693047428 0.10365384890464338
2 0.45714697796318327 0.6005171063599837 0.13907452335696496 0.11176787727617317
2 0.19674302388569043 0.6820780287672413 0.1819439849563052 0.13643290815498563
2 0.10942384646386787 0.8706882362099464 0.21884769292773573 0.2445014724198927
2 0.4063212977048738 0.8885164137963713 0.3550752595669115 0.2229671724072574
2 0.3283818173009151 0.7531527098834806 0.08511444906292791 0.1351766335443795
2 0.502464174981047 0.7629094577719095 0.28195600831327033 0.24706418276559178
2 0.6821958244270511 0.9707463810038434 0.07414820533113406 0.05850723799231332
2 0.6804133302330388 0.7203906518202725 0.17195653417751763 0.32972826708875863
2 0.8233700568760739 0.8189595663099712 0.279843242015934 0.36208086738005746
2 0.5407383794542513 0.5224124899043632 0.25218227711788865 0.08227425705962901
2 0.8903806782797524 0.4911447356812211 0.08030727711788863 0.07727320533113406
2 0.5972812668260614 0.9439441605957611 0.07951766693047428 0.10379024122451135