2 0.512273092527653 0.7234984387822052 0.17040577759614006 0.19118736859280006
2 0.36777089041633254 0.8534512411399324 0.13329551542127546 0.12253552768032883
2 0.4390247329505762 0.5971640904553605 0.1640739569792892 0.1862452006080222
2 0.46483680518898496 0.8683360949039848 0.20406375730360066 0.24096187551288217
2 0.29557038229865773 0.9576480153230392 0.26876936525911965 0.08470396935392159
2 0.18990321468663157 0.7267574540680635 0.3608979586008469 0.45970124113993266
2 0.3466850486961632 0.7635929036875027 0.16487279788867965 0.14255886760421674
2 0.2696571241842782 0.599631221368269 0.35347519642598224 0.39225907315515496
2 0.02798604707460539 0.4851708374524299 0.0406989123370204 0.09534167490485981
2 0.23916328043551394 0.4180482989348671 0.3928183400953163 0.3204769150562091
2 0.16388481655636594 0.30958720011373075 0.32438771428288976 0.42542440022746153
2 0.47943945291880397 0.49732059935260897 0.17831946347211095 0.28675453657757755
2 0.37195859496658024 0.1541197445999736 0.10818642126547413 0.11526685574121864
2 0.06908437986632103 0.5586693458553869 0.12082278896022584 0.1235886917107738