2 0.5505212379058225 0.7067514138470491 0.14086245202099903 0.15792421561506947
2 0.7234854758911868 0.8186189002636812 0.11509883601209037 0.09171733415618064
2 0.5919194919239581 0.5740850374221533 0.13457608935390813 0.15465374525034736
2 0.6301894618873688 0.8445800285884382 0.1648272106938169 0.20378222948277766
2 0.8143457385423695 0.9237531566288546 0.25508858402290785 0.15249368674229088
2 0.8619587245783222 0.6710198144919799 0.2653919267186339 0.3888858877271531
2 0.7214240839035954 0.72713991508132 0.1464942866804538 0.10494468597979179
2 0.7593524399268216 0.5568826196784729 0.28959194804263433 0.32071776918604195
2 0.9782671666136388 0.41350021485257027 0.03532042934436319 0.0820500870059723
2 0.7474080652848658 0.3745240613578479 0.3525090240292714 0.22377134042444471
2 0.8324926846355923 0.2483447274860077 0.3335237613780887 0.3373610617390975
2 0.528157531269912 0.47960703238816016 0.12022378270208929 0.2636650693385418
2 0.5541142406508645 0.12933492866468796 0.09011701734563574 0.09269795269729175
2 0.9452995779360484 0.4932234292333689 0.09951019867918127 0.09447865824437507