2 0.3390625 0.5765625 0.13125 0.109375
2 0.26953125 0.7703125 0.06875 0.1
2 0.47734375 0.5875 0.1328125 0.103125
2 0.22265625 0.6859375 0.1734375 0.125
2 0.125 0.88125 0.25 0.2296875
2 0.4453125 0.8859375 0.340625 0.215625
2 0.35859375 0.7484375 0.0765625 0.1296875
2 0.5328125 0.746875 0.2671875 0.2296875
2 0.72578125 0.953125 0.06875 0.075
2 0.7078125 0.69296875 0.1515625 0.3203125
2 0.85703125 0.7953125 0.25625 0.371875
2 0.55546875 0.5046875 0.2484375 0.065625
2 0.90234375 0.45078125 0.075 0.071875
2 0.6390625 0.92109375 0.0734375 0.0984375