2 0.5686917595004044 0.6897121019255488 0.14994983887551355 0.1610658640197265
2 0.7408515674971055 0.8049360179026408 0.11991534639736087 0.09511360001590852
2 0.6117705065974105 0.5586979119191855 0.14204641066226814 0.15784995735199914
2 0.6470022790964457 0.8294734885821402 0.177876262074194 0.2082499466899989
2 0.8291675729073817 0.912538885224414 0.2654839106622681 0.15928628270208947
2 0.8678480442066476 0.66107583521646 0.26430391158670474 0.3954237773710892
2 0.7397544172596786 0.7135115865690954 0.15157452335696497 0.10953972668681722
2 0.7793755437444292 0.5442434185630503 0.30789403417751765 0.32847263470717997
2 0.9890494427947217 0.4049611005331425 0.021901114410556487 0.08319430800445424
2 0.7693687432695754 0.3614854625636865 0.36297868778015674 0.23539534404836146
2 0.8401536385589443 0.23789287388609615 0.31969272288211137 0.3490578547103616
2 0.5487954819868044 0.46252289326068513 0.13732546991261038 0.26400905068427194
2 0.5792592541566352 0.11283142858850362 0.0949608105039836 0.09638519867918127
2 0.9572826172470436 0.4834679085375969 0.08543476550591293 0.09645792401336309