2 0.4609375 0.30078125 0.1390625 0.1609375
2 0.29140625 0.1953125 0.115625 0.096875
2 0.41484375 0.43515625 0.1328125 0.1578125
2 0.384375 0.165625 0.1640625 0.2046875
2 0.18984375 0.059375 0.2484375 0.11875
2 0.14140625 0.34609375 0.2828125 0.3984375
2 0.2890625 0.28671875 0.14375 0.1109375
2 0.246875 0.45859375 0.2890625 0.3296875
2 0.021875 0.6078125 0.04375 0.0875
2 0.2546875 0.640625 0.3484375 0.2421875
2 0.165625 0.765625 0.33125 0.35625
2 0.47578125 0.52734375 0.1265625 0.2609375
2 0.440625 0.87890625 0.0890625 0.0953125
2 0.05390625 0.5296875 0.1078125 0.1