2 0.7223325282118015 0.5329832760472085 0.17473469764227295 0.1478567587805987
2 0.8430482293141154 0.6969281222600208 0.10802735870696836 0.12091246369925486
2 0.5932472060824108 0.5853446858845206 0.16979252965749528 0.14157948770335976
2 0.8641963760443548 0.6025423180052945 0.21963070357377176 0.17623628883482817
2 0.9587462361970166 0.7922184172431687 0.08250752760596676 0.2553238251355733
2 0.7064780124316516 0.850573213502863 0.42478773026551764 0.29885357299427395
2 0.7527097307969901 0.7034321314334029 0.12486203163466172 0.15069086729005096
2 0.5852794916714051 0.7540083274732643 0.3562287312541006 0.3082498789975158
2 0.45629362311578625 0.9799880027304745 0.09078150889724856 0.04002399453905099
2 0.40331190866759953 0.7545118006404887 0.27408207612090435 0.36244649960721664
2 0.2864055929639994 0.8361283975406719 0.38680756920082215 0.32774320491865616
2 0.49564269421941276 0.528540173980664 0.2729175296574953 0.14217945140261462
2 0.14858862209002205 0.5796334787263694 0.10382001977166348 0.09433178298109546
2 0.5322685326976069 0.9465942406302261 0.11070668973360735 0.10681151873954775