2 0.6 0.6917230389569304 0.24375 0.26675467207625303
2 0.4828125 0.684208773535655 0.059375 0.10416139448011279
2 0.14921875 0.6401046229697575 0.228125 0.2930444366867496
2 0.340625 0.7442268814911741 0.103125 0.16742505357072252
2 0.14140625 0.43996825527500577 0.13125 0.1772909772718286
2 0.41015625 0.5610655539744643 0.1421875 0.1774818920444808
2 0.478125 0.4677207029188041 0.221875 0.24606034253094827
2 0.5046875 0.8947468530809598 0.0859375 0.1280625446422686
2 0.63203125 0.8836883965054125 0.1046875 0.1408898271096728
2 0.44921875 0.3406536424482227 0.653125 0.4629628392812421
2 0.0875 0.7413710681812191 0.121875 0.2224398360381265
2 0.259375 0.7615586574657565 0.16875 0.23732054220663662
2 0.31953125 0.98130632142763 0.0890625 0.037387357144740105
2 0.26875 0.9149761635548364 0.328125 0.1700476728903272
2 0.13515625 0.8757966611192044 0.065625 0.0855204886359143
2 0.209375 0.8481859042193456 0.09375 0.09538641233702023