2 0.4895414361992042 0.6825848986545813 0.23818438539871387 0.2535127595669113
2 0.37869677810025837 0.6452333143314142 0.055637187756441 0.10150031551854859
2 0.08992070996238143 0.5143459933360824 0.17984141992476285 0.2806830133278352
2 0.22568452464021727 0.6660723147271257 0.09874520060802236 0.16361988229073815
2 0.11728968178776096 0.31964124709700614 0.1256260355889943 0.17220527210332373
2 0.342925057263462 0.5081568631569153 0.1379987015966055 0.1694439849563052
2 0.433353739088404 0.4337358731860451 0.21554538144438115 0.234126262074194
2 0.3413228176064043 0.853886900303934 0.08152852570316256 0.12410274122451134
2 0.46680297867109966 0.8767668076674967 0.1007241946765232 0.1355858105039836
2 0.44020059977253856 0.30400290907942246 0.6506100840295698 0.41689592728880853
2 0.01965994809938334 0.597573681974169 0.03931989619876668 0.2142276360516618
2 0.14159602612309202 0.6614961264847505 0.16073054745199236 0.2294100183424
2 0.1336257227396006 0.9145529303248164 0.08755834980971958 0.08058006175762493
2 0.13090917140763764 0.8504366060307793 0.2618183428152753 0.2272517879384413
2 0.01148800935435911 0.7406560922407257 0.02297601870871822 0.08118781551854859
2 0.0708259282905388 0.7322238151228371 0.09262785178688593 0.09009145407749272