2 0.53828125 0.30546875 0.20625 0.2265625
2 0.42265625 0.33359375 0.0421875 0.096875
2 0.0953125 0.4390625 0.1828125 0.2578125
2 0.27265625 0.3015625 0.0765625 0.153125
2 0.1140625 0.63671875 0.103125 0.159375
2 0.36640625 0.4671875 0.115625 0.1546875
2 0.44609375 0.54765625 0.1859375 0.209375
2 0.415625 0.12421875 0.0640625 0.115625
2 0.54375 0.1109375 0.0828125 0.125
2 0.434375 0.6765625 0.603125 0.3375
2 0.03125 0.35078125 0.0625 0.2078125
2 0.18828125 0.3 0.1296875 0.2125
2 0.21640625 0.0484375 0.078125 0.0703125
2 0.1734375 0.10859375 0.2984375 0.1890625
2 0.05 0.21015625 0.053125 0.075
2 0.12734375 0.22421875 0.08125 0.0796875