2 0.49668256528367055 0.6801622970386394 0.241500386387297 0.2636817989592032
2 0.6026487223940332 0.6291995833346864 0.05726335475263546 0.10434666327441153
2 0.8926848722999867 0.4634363059722092 0.21463025540002648 0.2908241530976463
2 0.7585313078692968 0.6312080613992761 0.10037136760421675 0.16741322930778502
2 0.828613067223656 0.27600490502226954 0.12725220258518846 0.17661781094499088
2 0.6243261097327324 0.4887040581199158 0.13968853558899424 0.17571040818602893
2 0.5255265123944708 0.42733386816039554 0.2204238824329643 0.24386726594251656
2 0.6625515988954984 0.8311848072154046 0.08315469269935694 0.12753185775648745
2 0.5403874388193863 0.8689038924706551 0.10235036167271758 0.13945200361804452
2 0.5038995687065306 0.3000686832892579 0.6543717539915137 0.4474724592929388
2 0.9674898834215476 0.5333969239054621 0.06502023315690479 0.22160940637700666
2 0.8409299723940332 0.6167117921773994 0.16398288144438097 0.23623182835784534
2 0.8768979417851359 0.8653606541177584 0.08918451680591417 0.08419129353213606
2 0.8703668271094877 0.7996980325664609 0.25926634578102464 0.241711623699004
2 0.9835061556646689 0.6757515202419889 0.03298768867066215 0.08444359905006031
2 0.9209159027361004 0.6775021279984765 0.09431768577927499 0.0953744549975255