2 0.31592915769276725 0.5077954991714305 0.2745072211662517 0.26400695781510175
2 0.3667438484424249 0.40405622311658257 0.10494356426490725 0.06730312406898661
2 0.5350773451437196 0.12946725371954443 0.2982796902874393 0.22298385152879535
2 0.36460938394009085 0.25025913502724134 0.1703699874635877 0.11716188296032674
2 0.7248134465556454 0.18823659387580027 0.18208037727617316 0.14423380521006773
2 0.508985172736462 0.38571509966676853 0.18083612602253202 0.15509853060296183
2 0.5719147332404455 0.48382942204034396 0.2519502595669113 0.23955061331561964
2 0.1628315867639424 0.340725661496374 0.1291539540774928 0.09495724317557448
2 0.12419028708051154 0.4606357471045158 0.14380748746358768 0.11592471463952717
2 0.7005625704666064 0.5077656898230243 0.4833847453146394 0.6856765583104398
2 0.4610655321324536 0.05268212179267501 0.21900606426490726 0.07261567038771417
2 0.37941001834240007 0.16902840570540575 0.24098401583511767 0.18442646567298446
2 0.1269837003165691 0.12762419396136274 0.08861988229073817 0.09619010339082217
2 0.19517977084968255 0.1386023893704675 0.25910954169936506 0.27109171174404306
2 0.31918190901291543 0.02968976984959491 0.08523881802583091 0.033617328783716295
2 0.3170260271178887 0.08966408333183026 0.09813127461060622 0.1013142510334573