2 0.92132313822974 0.61011369602692 0.129438762074194 0.2098416644231918
2 0.9112648619697812 0.8483040178136747 0.13537051332783534 0.19908602084968266
2 0.14441326923358339 0.6747452503957114 0.28882653846716677 0.3665870725781774
2 0.35149900085792984 0.66328125 0.7029980017158597 0.6734375
2 0.20130042405661025 0.36220579796757124 0.4026008481132205 0.25878659593514247
2 0.1052952537609237 0.19293530925034233 0.2105905075218474 0.2546206185006846
2 0.7176946506996453 0.2452913634196127 0.36853000580598766 0.27143970862983935
2 0.46564275422314216 0.3622813204666064 0.3228537929530063 0.2576212495377816
2 0.39400474960428855 0.1639370971887837 0.3432405007914229 0.31441681881725375
2 0.6882402020989357 0.6932514903000746 0.4488660266556703 0.4033549498543508
2 0.38981134309865556 0.6891534282132453 0.7796226861973111 0.6216931435735094