2 0.6288518047083341 0.9163020016444625 0.2044719072944446 0.1320387176006804
2 0.8684591653656606 0.8977702233366761 0.19088218597979179 0.1518601442797028
2 0.6549083183886112 0.13541539446896178 0.3551291367772224 0.27083078893792356
2 0.66484375 0.3379935294040947 0.6703125 0.6759870588081894
2 0.34468063962701406 0.20385663158101294 0.23623627925402815 0.4077132631620259
2 0.1690429003605904 0.11243551261387172 0.24121080072118076 0.22487102522774344
2 0.2539024368328131 0.7300148490968754 0.2535679431979864 0.36325400126594437
2 0.35891201947038237 0.4714533262313846 0.2431019154625697 0.3160516190519592
2 0.1565851468452087 0.4120585119808996 0.3013144589655558 0.33525797603820084
2 0.6998500632577089 0.6745658802302505 0.3848919848011114 0.4380952885594052
2 0.6930414851823612 0.3776363827621393 0.6139170296352777 0.7552727655242786