2 0.4950527020607699 0.4505060775714602 0.2419351507001803 0.24826582493918145
2 0.36014190006363345 0.4708135115110732 0.060065890674726855 0.0597204336450254
2 0.6743760280474069 0.35311851404515604 0.05537839067472703 0.05969316256778665
2 0.7606856980426343 0.31846677897407477 0.05835794000636341 0.047211343285945874
2 0.5788924474060876 0.5392691166026798 0.09458634134309048 0.07242042154477701
2 0.2970595500477251 0.35326694232742833 0.17867153469127164 0.18227721057599683
2 0.3243647480108177 0.08156920432948087 0.08208634134309048 0.07234769867214012
2 0.3204772266868173 0.15029193325224202 0.05056362133990877 0.04872839149054777
2 0.4664522506763177 0.07380267700572608 0.041097714672181596 0.040861349336070066
0 0.6836135733609078 0.2070883965587133 0.026907945337363515 0.029842036104353476
0 0.6041453440483614 0.3597406978865732 0.038099984006999675 0.05178066861791084
2 0.6815367367520415 0.632828739942855 0.060484061346272176 0.0956579336450254
2 0.9287122760979954 0.7272292214978948 0.06491702267663584 0.07381020472226432
2 0.9601956230505886 0.7875854593976465 0.07960875389882283 0.07393746974937905
2 0.5951639794318592 0.7291946798343965 0.07936133068109008 0.1067045179539809
2 0.7376707474538127 0.891731562151562 0.07583634134309047 0.07231133723582132
2 0.7787866434595397 0.934155411487632 0.05684998400699968 0.05188975292686635
2 0.8647503207749494 0.8026332215960906 0.07440111067790837 0.08323974687674181
2 0.7786930000795419 0.5904281373853312 0.07116702267663584 0.07384656615858276
2 0.6663833567393148 0.5389969267111384 0.053797709341181485 0.05812157220870695
2 0.8275288473901792 0.4235360740554187 0.04923747867599957 0.06903180113146803
2 0.9714328413828615 0.37047068227028335 0.038099984006999675 0.05178066861791084
2 0.7675789460136813 0.10524007112855249 0.05225339067472703 0.059674981849627384
2 0.7532613600015908 0.016100303076375742 0.0565227200031817 0.02376475292686624
2 0.2740333194223141 0.6570186562230749 0.05205339600572696 0.04248748184962743
2 0.2559185714114964 0.577231162273199 0.0473840773392725 0.04402271077238851
2 0.32872027207986 0.5901538639704013 0.058467028007636035 0.056586343285945875
2 0.2699821660964047 0.711678885145836 0.03481135200509069 0.03769998789975162
2 0.2978259027689044 0.7548067164297293 0.03168635200509069 0.0376818071815924
2 0.22959352343249542 0.7317550358097659 0.04892839600572696 0.04246930113146803
2 0.3180116807765404 0.8111703459182245 0.04287839067472685 0.05962043969514994
2 0.44505543877304055 0.7861299601832133 0.03481135200509069 0.03769998789975162
2 0.028752803349771972 0.12125283128389333 0.055360209341181466 0.05813066256778665
2 0.0888128874124509 0.5832897438516799 0.09049882535009016 0.12395565046753809
2 0.06424814473263332 0.48627838846548566 0.06678860534690848 0.10038179508134384
2 0.5730093581317213 0.9735804840891227 0.04267839600572696 0.04243293969514994
2 0.2662866434595396 0.9311737737095175 0.06835110534690844 0.10039088544042371
2 0.26068208080040295 0.9858153010332723 0.04565794533736343 0.028369397933455432
2 0.2229986254375861 0.7692141291939076 0.04574885200509069 0.03776362041330898
2 0.16122587877940392 0.8313505148307229 0.027144302673454225 0.050154536104353296
2 0.1701099827736769 0.7892175569852006 0.039389764003817974 0.028352258976990542
2 0.18538953743631342 0.7596209605759968 0.04418635200509069 0.03775453005422928
2 0.9078468874522219 0.8810036612912405 0.06800566000954475 0.07070338544042372