2 0.5494802868899205 0.48576039859168524 0.2309692406302261 0.2229851560311804
2 0.575265561188613 0.6190450659214127 0.056577252926866176 0.05690452800763594
2 0.5819165787498106 0.28149052192077634 0.056540891490547904 0.050654528007635945
2 0.5855824551150478 0.18848540925368548 0.04251475292686635 0.05674089600572696
2 0.4388200428418488 0.43939502327341184 0.06458065046753828 0.0898079346753633
2 0.7064110220591975 0.6354865839035954 0.17125789734428026 0.16448176535645337
2 0.9524325700674077 0.5107571145369605 0.0660704275949012 0.07732611600890867
2 0.8897689436039746 0.5396093678787783 0.04558521077238851 0.04740225867281787
2 0.9126029764868744 0.37451107920914206 0.039289758976990184 0.03951703333863614
0 0.7158603075743758 0.21977976790264084 0.028270445745273952 0.025327264003817972
0 0.5994853529503074 0.3500314365850038 0.05019998789975162 0.034956802673454315
2 0.3173177475641131 0.37675066728995654 0.09404998184962743 0.05265338001272664
2 0.14660176834676436 0.17953186397995546 0.07065793364502548 0.06019316000954502
2 0.07792449121940129 0.16783184265595502 0.06766019867214013 0.08203179734245411
2 0.25492631099222135 0.4930938299650016 0.10196247579950324 0.06993178668045381
2 0.05537628376666245 0.4180772906588185 0.06759656615858281 0.07109429734245402
2 0.012994382808144916 0.393586367998091 0.025988765616289832 0.05345226400381797
2 0.10738979830279778 0.07140173798536431 0.0659886143631847 0.06326361600890866
1 0.15274775009819588 0.06306197931254641 0.03625566256778665 0.05510567067154524
2 0.09688304859738536 0.266042075986637 0.07851588544042358 0.06809656667727229
2 0.3249671419815271 0.27041885128900206 0.06913179508134401 0.06642497867599957
2 0.41040012705260837 0.3561376279440026 0.05496930113146803 0.04907384667409058
2 0.4646432412194013 0.16333196260345745 0.06744203005422929 0.04453179734245412
2 0.4670965964092038 0.013052341303319562 0.050181807181592396 0.026104682606639125
2 0.7829346989667277 0.10416331122695946 0.056522710772388504 0.04752952800763603
2 0.883852304352922 0.07955311521327825 0.04718407220870695 0.05367044000636334
2 0.42909856743512903 0.7676109299411391 0.03778180113146821 0.04887385200509069
2 0.5104121999486864 0.7557280005967759 0.040879530054229465 0.0442227146721816
2 0.4740661546709507 0.692092761935094 0.053434072208706954 0.05374316534054522
2 0.3797434620489348 0.7916211419478205 0.034556807181592396 0.031649989337999784
2 0.3298070945624921 0.7812654446212749 0.03610112646343318 0.028543170671545326
2 0.37401563681516564 0.8362160266152298 0.0377636204133089 0.045748852005090865
2 0.2696462993829523 0.7827466759627745 0.05646816861791084 0.03815452800763595
2 0.2516462540070208 0.6540586019653197 0.034556807181592396 0.031649989337999784
2 0.5594849833225654 0.9145211979233216 0.1192045179539809 0.0795067813494537
2 0.6587719110156625 0.901647933243186 0.09720225292686635 0.057377242679817544
2 0.03399566657480736 0.6019073979949093 0.04085225897699044 0.039535214672181594
2 0.17536905855633447 0.8744625559755012 0.09721134328594587 0.05893974267981754
2 0.07844860676093637 0.8834022986553187 0.03628293364502548 0.059793170671545326
2 0.11896906763152075 0.9008983339831371 0.03774543969514967 0.04262385200509087
2 0.3410895073266704 0.8561290846196841 0.03462043969514968 0.04258748933799979
2 0.30312135383407013 0.9370341866247746 0.048573855386194256 0.024001121339908595
2 0.3399764592202644 0.9131694252864566 0.02521816861791084 0.037790901336727245
2 0.3627781549655383 0.8879057959500477 0.03461134933607006 0.041024989337999786
2 0.021225039325807334 0.25365171133036374 0.04245007865161467 0.0614465773392725
2 0.01468466871610669 0.07326477733131828 0.02936933743221338 0.03784544533736345