2 0.4984375 0.553125 0.196875 0.2078125
2 0.634375 0.56328125 0.05 0.05
2 0.3 0.60859375 0.04375 0.0515625
2 0.2078125 0.6234375 0.0515625 0.0359375
2 0.4375 0.4484375 0.0828125 0.0546875
2 0.66796875 0.69140625 0.1453125 0.153125
2 0.57734375 0.94921875 0.0703125 0.0578125
2 0.59765625 0.88359375 0.0421875 0.040625
2 0.43671875 0.92578125 0.034375 0.034375
0 0.25625 0.7484375 0.021875 0.025
0 0.3703125 0.61796875 0.028125 0.046875
2 0.359375 0.33515625 0.040625 0.0890625
2 0.140625 0.1890625 0.0515625 0.0640625
2 0.1203125 0.12265625 0.075 0.0578125
2 0.46640625 0.26015625 0.0578125 0.0953125
2 0.365625 0.07109375 0.0640625 0.059375
2 0.33515625 0.02109375 0.0484375 0.0421875
2 0.028125 0.1625 0.05625 0.059375
1 0.02578125 0.20859375 0.0515625 0.0296875
2 0.2203125 0.1296875 0.059375 0.071875
2 0.2546875 0.35546875 0.0578125 0.0625
2 0.3515625 0.4296875 0.0421875 0.05
2 0.1671875 0.50625 0.0359375 0.0625
2 0.0140625 0.5265625 0.028125 0.046875
2 0.15078125 0.82890625 0.040625 0.0515625
2 0.13984375 0.93125 0.0484375 0.040625
2 0.7625 0.40078125 0.0453125 0.0328125
2 0.76171875 0.4828125 0.0390625 0.0359375
2 0.69375 0.45390625 0.0484375 0.046875
2 0.7796875 0.34921875 0.028125 0.03125
2 0.7625 0.30078125 0.025 0.0328125
2 0.8234375 0.33828125 0.0421875 0.0328125
2 0.75625 0.24140625 0.03125 0.053125
2 0.62578125 0.23828125 0.028125 0.03125
2 0.88828125 0.978125 0.0734375 0.0421875
2 0.92578125 0.51328125 0.065625 0.1109375
2 0.9265625 0.61328125 0.0453125 0.0921875
2 0.5453125 0.028125 0.034375 0.0359375
2 0.83515625 0.13671875 0.046875 0.0921875
2 0.83046875 0.03984375 0.05625 0.0296875
2 0.85390625 0.078125 0.0390625 0.0328125
2 0.8390625 0.303125 0.0390625 0.0296875
2 0.9140625 0.25625 0.0171875 0.046875
2 0.8953125 0.2953125 0.0359375 0.0203125
2 0.8734375 0.32109375 0.0375 0.0296875
2 0.196875 0.04453125 0.0546875 0.059375
2 0.0171875 0.0671875 0.0328125 0.034375