2 0.585334776957024 0.326996232831586 0.24686510943331239 0.22482832493918145
2 0.7181770148913065 0.5043121908735001 0.4364583774894797 0.330597577669656
2 0.32212548194383267 0.1027921601318997 0.19695438947037927 0.18235902380771338
2 0.6235317253204107 0.15024738047045388 0.16255954210278442 0.13685562626704142
2 0.3886631627992062 0.23284729879377714 0.3082192716843644 0.19237943930236626
2 0.8668575292344587 0.8096349742473791 0.2141220421027846 0.13715560811666877
2 0.8347122727806727 0.20916279645608604 0.24404764427970277 0.18888173458010193
2 0.3981348442027339 0.5655370789462022 0.34485620924797794 0.4362930657657994
2 0.5905802275130274 0.9596496515476929 0.10363592068857255 0.059965873340175335
2 0.673886290034232 0.8779314980550923 0.09082838584218215 0.09582156010845858
2 0.6894691392159252 0.7895775251824555 0.12358632213985139 0.09444995764913067
2 0.5185465148064884 0.8304075791425939 0.16746529691210804 0.14313289734428025
2 0.3964086199786315 0.8162774223303441 0.10628969473518968 0.09122496369925485