2 0.6227900009819587 0.6776201174494487 0.22954309601642037 0.25437509263745517
2 0.40675593482337585 0.7378897216688405 0.3415714391059746 0.44704208974197107
2 0.9160092567374953 0.5138852189782442 0.16363629488495235 0.20288105913900906
2 0.7769502601553409 0.7754498035529287 0.14156130698520056 0.16748721463952715
2 0.7807211965308408 0.5302464654635874 0.2017726200205253 0.3140026497095498
2 0.06449727459328028 0.7835616708019989 0.12899454918656056 0.25462334160399785
2 0.6463309983496799 0.9121362427612898 0.1949226563212708 0.1757275144774205
2 0.4617353680756179 0.42161405831043963 0.4426066982793566 0.36114743920385184
2 0.025380753319649695 0.45826841832079956 0.05076150663929939 0.10403683664159917
2 0.06782576591087743 0.5650299946233165 0.0973931504675382 0.09357452564056316
2 0.14570532621572774 0.6108562249786094 0.09758404800821019 0.12638702564056317
2 0.1678081060735653 0.4384011821745385 0.14627607806243947 0.17239303846084475
2 0.22391772638867838 0.3308284307267964 0.09279655405833438 0.10898120181924557