2 0.34765625 0.621875 0.1921875 0.2109375
2 0.5453125 0.73203125 0.2703125 0.3875
2 0.08203125 0.38984375 0.15625 0.16875
2 0.178125 0.68125 0.115625 0.1421875
2 0.22265625 0.43984375 0.1484375 0.28125
2 0.8765625 0.859375 0.1 0.234375
2 0.27109375 0.8828125 0.15625 0.215625
2 0.5546875 0.40859375 0.396875 0.2703125
2 0.97734375 0.55 0.0453125 0.0953125
2 0.909375 0.6421875 0.084375 0.075
2 0.82421875 0.66875 0.078125 0.109375
2 0.83671875 0.49453125 0.1203125 0.1453125
2 0.803125 0.37578125 0.0765625 0.0921875