2 0.4178473421797532 0.8971792944366476 0.34039685462398894 0.20564141112670492
2 0.3374876864673052 0.664937761758645 0.23113098202865068 0.2320223631835546
2 0.18065978919237757 0.5062134577110591 0.3393849700477511 0.38430191542211817
2 0.19574167448640561 0.8041153691764483 0.24937503974053174 0.30784123473485214
2 0.5782863012580951 0.7048511900710619 0.3392609736759482 0.4700756411118586
2 0.4661136503549705 0.4626869442549334 0.3306597560752678 0.2684312539567289
2 0.32419399046617114 0.32891837460351525 0.28452880054030494 0.24261902645796612
2 0.37243553910755955 0.19185878787792682 0.15683533175849815 0.11427494120271567
2 0.25599208357259673 0.16236163839832515 0.19753474282842384 0.1631971200809595
2 0.09168159082899088 0.32531093848918224 0.15716271397248333 0.12364994120271566
1 0.09115082277282352 0.22078721279944175 0.17313494355406328 0.17907442559888348
2 0.6326042019915837 0.29517297489677097 0.17275299763774718 0.16813692559888346