2 0.1445413380700167 0.2749187249786094 0.19597061363426663 0.3151285020669146
2 0.4115515600668395 0.297519432793711 0.19241714529089188 0.20099322745980874
2 0.6088413916407391 0.19333500868194317 0.32097061363426677 0.3209504706353832
2 0.31945733766297957 0.1087051817602537 0.2704603246740408 0.19994445781510164
2 0.3077196278443167 0.5123931079389361 0.4246217191541537 0.2664513693114756
2 0.5652008912369973 0.4985832808078497 0.20356492532266407 0.3029923751024439
2 0.7292963932655921 0.41474558994685884 0.18873876623205438 0.25858740363849114
2 0.8440662309285717 0.5139172981762452 0.08373189204448081 0.14597177956950452
2 0.9036787844992944 0.4134849586391619 0.12649213636243814 0.18074919396136266
2 0.797272646104966 0.193510598838199 0.09151711850553053 0.1447731526050339
1 0.9066749196439163 0.197042321335609 0.13210693668674978 0.23409251778268034
2 0.6762263457839497 0.7226822144301301 0.13847393912238176 0.15164389081820956