2 0.2578192282917323 0.5896381276718847 0.35741186680159914 0.33022367524374446
2 0.5497643888526105 0.6176938976636374 0.4287888998182858 0.3525820600417653
2 0.628312028494131 0.1192169452354972 0.39962594301173804 0.2128830625490476
2 0.3397098739261467 0.1468117816702352 0.3268302521477066 0.2825303213245362
2 0.5771468396662645 0.42366275283648686 0.32470118611433313 0.24190532132453627
2 0.36451404285476785 0.3752239381758682 0.33323738240543144 0.31547921364440423
2 0.7072891203081021 0.2545299710997447 0.3740328007682255 0.2901442445232167
2 0.8391035278167625 0.5760365612288993 0.2759361374938141 0.2342459340192331
2 0.7090973660126889 0.8022915211788868 0.5189159328349726 0.375486014119258
2 0.37609343622993396 0.8559798446815012 0.3032289778374471 0.27872335972519585
2 0.25496978799352776 0.7186580379384414 0.3172228787873868 0.21828596489804558
2 0.12434822478522933 0.18959736058312585 0.24869644957045867 0.2698197211662517