2 0.25625 0.5658396396121443 0.2453125 0.2355319456152035
2 0.5421875 0.6014735819842321 0.3203125 0.2259035754848197
2 0.659375 0.07223282569163353 0.3265625 0.14446565138326706
2 0.365625 0.11471174188562043 0.23125 0.2102864837646503
2 0.5828125 0.40701446997152313 0.2546875 0.14350808684890543
2 0.37578125 0.3520344638824432 0.225 0.227364889608849
2 0.72265625 0.23972973823546778 0.2875 0.17845583116686256
2 0.8359375 0.5682211566615681 0.2140625 0.15061147483619663
2 0.73046875 0.7950621205407161 0.521875 0.1747343620094135
2 0.3546875 0.8383401566582729 0.209375 0.1942796542193456
2 0.24375 0.696526577923747 0.259375 0.11702740746575646
2 0.115625 0.12923175811767484 0.2140625 0.2474864748361966