2 0.297505006836945 0.6230209967012947 0.2875779608654169 0.2800585391920826
2 0.5834054860353824 0.5795220831360327 0.357963196047778 0.2852294239901031
2 0.5463314457634375 0.07193352131190095 0.34891289152687505 0.1438670426238019
2 0.27580269984750017 0.1608392454476535 0.26973584422416685 0.2514334340192331
2 0.567867485751042 0.3821840818823915 0.27769250816812524 0.19076871865896922
2 0.35296918436427116 0.38609164654301015 0.2654120201359724 0.26692204169936506
2 0.6555090368534724 0.1841891995916533 0.3161380655388196 0.23248485721791354
2 0.8567864750174656 0.46837266831712954 0.24019250816812523 0.18967758010002492
2 0.773461562689028 0.714418605701575 0.453076874621944 0.2745312678801817
2 0.4686942482875702 0.8572643013992906 0.2442994331300003 0.23195600831326998
2 0.3215990831093409 0.7513134812618885 0.2771106267092362 0.16576871865896942
2 0.08612391042857659 0.24062734850893194 0.16737456363895858 0.2812453029821361