2 0.2744603666056846 0.46387655076822554 0.31426468403881647 0.3022330438708206
2 0.5618790979471842 0.41874659373453504 0.38624877204008906 0.3153748530067892
2 0.6832957332113693 0.9117851062861495 0.3711135733609078 0.1764297874277009
2 0.3882014092139146 0.8863613031430748 0.29029992536599847 0.22727739371385028
2 0.6041922252546399 0.611705377655733 0.29605902936027134 0.2138322851643933
2 0.3963337245783222 0.6719490796010408 0.29069991470399825 0.29006723654387445
2 0.7453792045671864 0.7723230523501053 0.3387374253659985 0.25823073835289667
2 0.8578819412794569 0.44207670963162304 0.25854084802672617 0.2103044934412793
2 0.7322659653087285 0.21973696291098338 0.5346317280394528 0.3184666327441157
2 0.37145573464354653 0.1898835300760107 0.26686242536599847 0.25446392921692806
2 0.2611074859564111 0.33497362279449294 0.29420562802354444 0.18875039800926352
2 0.1399184505490509 0.8742674168924562 0.27769083736472583 0.24566213930283637