2 0.49050578357027075 0.3005182912218754 0.48727482454639814 0.5097114532659727
2 0.22415966266598247 0.25990624933440987 0.44831932533196495 0.47918749866881977
2 0.22827238652057807 0.6514943372903127 0.2941055657657993 0.33648823955076407
2 0.50016959153743 0.78830923195132 0.16682492739850954 0.210104964665139
2 0.6987166967272326 0.6397847322356602 0.3016998971478886 0.29917007750666685
2 0.7604415545493137 0.23726045070052146 0.1606658309893058 0.22558449430041677
2 0.7947034459416656 0.12319860391090345 0.20746810811666877 0.21417552203583354
2 0.8791329880961433 0.11578745383465353 0.11048402380771342 0.19317073138263896
2 0.6416738947120015 0.10322832997520885 0.20102721057599685 0.18121755167111128
2 0.854199603146699 0.5066663737625354 0.07067611436318444 0.06413654160312507
2 0.9374307805452087 0.3023256722995147 0.07426472267624504 0.14389677678548612
2 0.7509417511783504 0.7957087303357993 0.31370901775758925 0.21508601823611145
2 0.9039496182720097 0.5507988866803133 0.18801010187015307 0.3605777433504862