2 0.70365369075053 0.5889439863167316 0.4654490909060952 0.4614929364530173
2 0.8037390600668395 0.3205016027796466 0.3909400146072013 0.4856873530067892
2 0.4395731944006827 0.21774625847928464 0.31233990746575646 0.2755067695605611
2 0.2357139886392096 0.42835845262267636 0.1962318920444809 0.15234150723608925
2 0.32379682102718343 0.6683460447753318 0.2688626428552599 0.2888389292169281
2 0.6909865008173695 0.8666595505410829 0.2132557508107789 0.14386726594251656
2 0.7968040783340793 0.9225355777920186 0.20631600405718978 0.15492884441596289
2 0.8079540381560376 0.9947823920163698 0.2601932061685101 0.010435215967260447
2 0.8718467629922341 0.8088890733810045 0.2092773628234877 0.1842466044771271
2 0.40876433604471707 0.8628164190401627 0.058930715096964015 0.0670923247398008
2 0.5814051749255127 0.9896201792169281 0.14147047970746057 0.02075964156614383
2 0.15967977394928273 0.6628728934867079 0.1755490194784653 0.30892569990914287
2 0.3452415783340793 0.9053652696741323 0.3456239659077429 0.18926946065173525