2 0.31328125 0.54453125 0.453125 0.4328125
2 0.2109375 0.25625 0.4171875 0.4640625
2 0.60078125 0.23359375 0.303125 0.2578125
2 0.79140625 0.4828125 0.19375 0.1421875
2 0.6875 0.7015625 0.2609375 0.2734375
2 0.3078125 0.82109375 0.2109375 0.13125
2 0.1984375 0.87421875 0.2 0.1828125
2 0.18203125 0.9625 0.2578125 0.0734375
2 0.1296875 0.72734375 0.20625 0.1734375
2 0.5890625 0.87578125 0.05625 0.0640625
2 0.4078125 0.9796875 0.1390625 0.040625
2 0.85 0.73125 0.1671875 0.2984375
2 0.64921875 0.9234375 0.3390625 0.153125