2 0.53671875 0.28359375 0.4078125 0.4296875
2 0.25625 0.1921875 0.440625 0.384375
2 0.19921875 0.578125 0.2390625 0.2921875
2 0.43359375 0.7625 0.1296875 0.184375
2 0.66171875 0.65390625 0.2578125 0.246875
2 0.81484375 0.271875 0.11875 0.203125
2 0.8765625 0.16015625 0.1703125 0.1921875
2 0.9671875 0.14140625 0.0578125 0.25625
2 0.73515625 0.09765625 0.1609375 0.1953125
2 0.8453125 0.55234375 0.0609375 0.053125
2 0.97265625 0.3671875 0.046875 0.1375
2 0.6765625 0.8171875 0.290625 0.15
2 0.9078125 0.6109375 0.1734375 0.33125