2 0.5649054417382532 0.691822450483172 0.4731577823919203 0.4972718352240523
2 0.2866309716942866 0.7909113721589786 0.5008737162333377 0.41817725568204284
2 0.22824019213103658 0.4265972763783242 0.2847032946885605 0.3299365105500115
2 0.45903969847574844 0.21892864691244962 0.15900333703942984 0.20744212743398432
2 0.6860930778660478 0.30725831006024895 0.29696694535249046 0.2895296988616143
2 0.8405776074292977 0.6778862301079072 0.14972833098930566 0.22446598620028232
2 0.9015297133555691 0.7836646716659207 0.19694057328886175 0.21911601298564348
2 0.972189659149941 0.7934993676881612 0.05562068170011791 0.26353639448011296
2 0.7635343601597722 0.8624600531603901 0.1919067406302261 0.2236398717519414
2 0.8686106620768073 0.39402942734796353 0.06910452400410491 0.06213753571381488
2 0.9810783249391815 0.5663192589218632 0.03784335012163709 0.14289661201270878
2 0.7007635901626879 0.14346854544975232 0.31361811416679297 0.197642207790068
2 0.9089959983892731 0.32992206289962267 0.18200800322145377 0.35475350405718975