2 0.7172486708574061 0.54765625 0.45249984874689486 0.4296875
2 0.8087164698475748 0.271875 0.38256706030485044 0.459375
2 0.43863629488495215 0.1953125 0.30616922852997774 0.2546875
2 0.24385155659241717 0.4203125 0.191434041958086 0.1390625
2 0.34129977009528023 0.653125 0.2609476321207739 0.2703125
2 0.7165275499531178 0.8265625 0.21012949980360815 0.1296875
2 0.8247309353935414 0.89375 0.20260789129415607 0.1796875
2 0.8384803388861416 0.97421875 0.25967498184962745 0.0515625
2 0.8942434837945349 0.75625 0.20411584913967856 0.1703125
2 0.43458720354391395 0.8421875 0.056622704722264314 0.0640625
2 0.6127081792452213 0.97578125 0.1393443011314682 0.0484375
2 0.17805488153159868 0.659375 0.16736125858420703 0.2984375
2 0.3732138871889394 0.9015625 0.34173402380771334 0.190625