2 0.33152879748886527 0.41322629748164247 0.5238225180902231 0.49307525892515847
2 0.22176977442180118 0.6571790746740408 0.4016133254171693 0.5143581493480817
2 0.5452968848918223 0.8134695795420095 0.3450003980092635 0.2979422167185216
2 0.7788895556294656 0.6388043648487873 0.21493003844375363 0.169225107141445
2 0.7238048286965297 0.3919742292971281 0.3079098337849125 0.30510015178371364
2 0.38298731965141813 0.14405928611755678 0.23022748982323468 0.16324784253094826
2 0.28916872060135784 0.08153992085843705 0.22833744120271565 0.15697056899199793
2 0.18610567559888344 0.17028304667086358 0.24641905585660823 0.2041183043815013
2 0.6655851356847917 0.18957988635914277 0.06618492198083885 0.07140344155801363
2 0.5129061137493813 0.03158833400623635 0.14456222749876274 0.04779439204448094
2 0.8868747167561706 0.4205782905784883 0.22418993102595053 0.31612738068039514
2 0.7380056902982045 0.1416702662287591 0.3689425090451115 0.2484058668806775