2 0.5738195287007344 0.684375 0.4700710884132949 0.475
2 0.29409858795107663 0.790625 0.4981218805748786 0.41875
2 0.24093150620169915 0.41328125 0.2826212495377816 0.315625
2 0.4740836723407506 0.21015625 0.15742736975432586 0.2015625
2 0.7002035546314888 0.30234375 0.29550168276559174 0.275
2 0.8501092440609982 0.675 0.14850701082055268 0.2171875
2 0.9063273540838104 0.78125 0.18734529183237925 0.209375
2 0.9768258906040085 0.79296875 0.04634821879198299 0.2609375
2 0.771053544535852 0.8578125 0.19064904671392996 0.215625
2 0.8817012587089816 0.39140625 0.06891513605166182 0.059375
2 0.9869162929530063 0.5671875 0.02616741409398742 0.140625
2 0.7165235734361073 0.13828125 0.3115693004748536 0.1828125
2 0.9171055893044784 0.32890625 0.16578882139104323 0.346875