2 0.9339725125802542 0.338535717043159 0.13205497483949175 0.1889923776591667
2 0.8456666505658976 0.3140461697404507 0.07022277110331814 0.0859751740119445
2 0.813489350241586 0.2616485215640618 0.07156708279171582 0.07351154160312508
2 0.7685177694784653 0.282234431708298 0.02724433847375849 0.039680749050069505
2 0.7225740239426921 0.2919010256481244 0.035275026785361166 0.052362587005972294
2 0.7944996168806775 0.337902550249409 0.03530230032431163 0.053925087005972296
2 0.940564318991998 0.5110101290872562 0.11887136201600405 0.18732077488562524
2 0.8504782504004466 0.7688064049228117 0.23775691882984198 0.1992051386770836
2 0.8325930953670267 0.9083416836081589 0.25722393912238173 0.15124041736243043
2 0.7034747909855253 0.6753135909026036 0.20720812256272048 0.32812891926229193
2 0.5641782861142615 0.8442480417000343 0.07427507142762994 0.13917290919430556
0 0.6450138599808187 0.41563077279833277 0.22388533360249455 0.2098153303564585
2 0.32241788554836387 0.5161457979682984 0.15930463636243813 0.1786367591180557
2 0.43063771428288977 0.4026443827900691 0.10530688311602728 0.1274002610179167
2 0.5365371124164506 0.335309452794201 0.045222771103318495 0.08539329255305557
2 0.47451617369781085 0.498537457828194 0.033712526785361165 0.052326219414791805
2 0.5460053900125907 0.5195389824294787 0.13025233603812653 0.12485714247680554
2 0.5382689821397972 0.4345282027942009 0.04341480925276535 0.07129442496187507
2 0.6046092280826074 0.2500973449866662 0.06200116801906326 0.06235583605604171
2 0.6856080377424099 0.14426361265409665 0.17866256249917623 0.12442203780340293