2 0.1445049399298652 0.7601385901626879 0.1329057775961401 0.18512949980360832
2 0.2374464163909149 0.7591169665279252 0.06866027110331832 0.08476588544042371
2 0.28349530194257405 0.801568086941234 0.06997730925276535 0.07071247579950324
2 0.3196685811635673 0.7705317103796051 0.02724433847375849 0.039217036104353474
2 0.3614606148487874 0.7481209000747547 0.033712526785361165 0.05175339754067192
2 0.2790066249950571 0.7234249062230749 0.03373980032431163 0.0533158975406721
2 0.0775923551095547 0.5964846354404235 0.1375660040571898 0.18359427088084707
2 0.11030584902377003 0.32248405405833436 0.21270237175194145 0.19184310811666877
2 0.09557337296975746 0.14975962636523726 0.18967397483619658 0.2151442527304745
2 0.26744223903965614 0.3741743399662961 0.20249334902377 0.32302038524403176
2 0.35146486282348777 0.17546465007475476 0.07115007142762994 0.13789997579950314
0 0.3996446331127319 0.6085134994108248 0.2222682865245938 0.20283515027114643
2 0.6784848790555421 0.4273418092246958 0.15615236282348768 0.17432835518980258
2 0.608228700483172 0.5644191075274936 0.10215460957707698 0.12401928298109546
2 0.5270526128201924 0.6576873184962739 0.04366027110331849 0.08462043969514958
2 0.5388553632272295 0.48355492690753027 0.03215002678536116 0.05174430718159222
2 0.4638553632272295 0.4831185896717086 0.12866256249917604 0.12104881908544911
2 0.4957014269442217 0.5622021016737611 0.04341480925276535 0.07055793969514959
2 0.48661061931301414 0.7574418788011241 0.06041139448011279 0.0597204336450254
2 0.439546478890091 0.8805930324901162 0.17704551542127547 0.11820562021691713