2 0.06760535817549551 0.6566195330322918 0.13521071635099102 0.2148859339354164
2 0.1387429401535369 0.6730952157017638 0.08825868676785786 0.09825893992586607
2 0.17104876277721917 0.722676064250485 0.08781301779449713 0.08732143992586608
2 0.21572193422203786 0.6984920305852211 0.036157675893442945 0.04495040145127884
2 0.2615119366934958 0.6851909332176263 0.04760451186299815 0.05783234736759475
2 0.18979344559074435 0.6455679272271764 0.0477318458553869 0.06095734736759475
2 0.05932462596999265 0.48671626079977315 0.1186492519399853 0.21094247840045366
2 0.14301653505752165 0.22358628902274152 0.2469227154367699 0.2395436827542901
2 0.1759948142207253 0.08942459854872117 0.22926037155854942 0.17884919709744235
2 0.2763609342592189 0.3016244650687917 0.28026840912470996 0.3686508293962455
2 0.41314730433489355 0.12287692777533063 0.10454953163466155 0.1534375132468439
0 0.33779454688333865 0.5553645347615722 0.2661820514063251 0.2526984471822605
2 0.6588803211036265 0.42947163503957403 0.1989653765014653 0.21134427168436432
2 0.5525109628909499 0.5509870256910796 0.13079369665368965 0.14655259618646851
2 0.4472066975679107 0.6272171981937507 0.06313135277546919 0.09426092068857254
2 0.5071122326626134 0.4589557823145016 0.04610567885919252 0.05934028366526398
2 0.43515631962075174 0.4443054944728864 0.1559210306460784 0.15055061542376222
2 0.44421830182625455 0.5282439848542395 0.05780718281352506 0.07847222958158007
2 0.3803282622829276 0.7177082781381504 0.07642984882113639 0.07600199400955035
2 0.30009032254932017 0.8297296177011969 0.20630303262324476 0.16167165389834964