2 0.1041171034428626 0.3017882293077851 0.15849209019601868 0.20638055404758598
2 0.19675847122887746 0.2972855150380053 0.07972719473518967 0.09463747060135788
2 0.23493802830778635 0.251717387493814 0.08085318511654283 0.08221935775648763
2 0.2765178930985764 0.28119020352718754 0.03272321996293304 0.043825243102595036
2 0.3208408119730503 0.2998892938708206 0.04248016587924912 0.05525406603337348
2 0.24469746342432916 0.33021087969189794 0.04258929328391083 0.058379066033373485
2 0.08026791959226418 0.4674198733603198 0.13500002649368784 0.20358974672063965
2 0.15139890824433683 0.7401856659879451 0.22935022721932724 0.22569047602842468
2 0.16717521958441495 0.8954320087064274 0.21049109981466554 0.20913598258714536
2 0.2943106053417791 0.6790511714150119 0.2479960782151192 0.35767746042459264
2 0.4110144996214819 0.8723242158516594 0.08944942431676957 0.14973440637700647
0 0.3833457903735039 0.4372941186106214 0.24848217313564325 0.23761062188998175
2 0.6916270602437697 0.6008364767057933 0.18171133538669526 0.20135886137453216
2 0.5980630548014743 0.46726265886339746 0.11875497840045349 0.14035276232447186
2 0.5006399285779388 0.37949598597804746 0.05467263103285873 0.09176477611928177
2 0.5425521539831676 0.5524731405460317 0.04097222958158007 0.056734678878243724
2 0.4686607861971527 0.5579585006773685 0.14531747840045367 0.1417448439616777
2 0.48688994182478285 0.47703272727162016 0.05100199400955034 0.07597600180902227
2 0.44424110643808756 0.2829618227036359 0.06953373920022692 0.07070864767057934
2 0.3761136106144387 0.16319819934331609 0.19542660580511537 0.14749023292582972