2 0.121875 0.24921875 0.1296875 0.184375
2 0.21484375 0.25078125 0.0671875 0.0828125
2 0.26015625 0.20859375 0.0703125 0.0703125
2 0.29765625 0.240625 0.0265625 0.0390625
2 0.3390625 0.2625 0.034375 0.05
2 0.2578125 0.28671875 0.034375 0.053125
2 0.0625 0.41015625 0.125 0.1828125
2 0.1 0.6859375 0.2 0.190625
2 0.0890625 0.85859375 0.178125 0.2140625
2 0.25234375 0.6359375 0.1984375 0.3234375
2 0.3390625 0.83515625 0.06875 0.1375
0 0.3796875 0.40234375 0.2171875 0.2
2 0.6625 0.5859375 0.1546875 0.175
2 0.58984375 0.44765625 0.1 0.1234375
2 0.50625 0.35390625 0.0421875 0.084375
2 0.52109375 0.528125 0.0328125 0.0515625
2 0.44609375 0.528125 0.1265625 0.1203125
2 0.47734375 0.44921875 0.040625 0.06875
2 0.46484375 0.25390625 0.0609375 0.0609375
2 0.415625 0.13046875 0.178125 0.1171875