2 0.06328125 0.37734375 0.1265625 0.1953125
2 0.14453125 0.353125 0.0734375 0.0875
2 0.17578125 0.3 0.0734375 0.0765625
2 0.2203125 0.3203125 0.0296875 0.040625
2 0.2671875 0.32890625 0.0359375 0.053125
2 0.1953125 0.37578125 0.0375 0.05625
2 0.05859375 0.5515625 0.1171875 0.19375
2 0.15078125 0.8078125 0.24375 0.2109375
2 0.17109375 0.93203125 0.2640625 0.1359375
2 0.2953125 0.71328125 0.2203125 0.3375
2 0.43828125 0.8796875 0.0796875 0.1421875
0 0.34765625 0.45234375 0.2296875 0.2203125
2 0.67265625 0.54921875 0.165625 0.1859375
2 0.56171875 0.43671875 0.109375 0.13125
2 0.45390625 0.3703125 0.05 0.0875
2 0.5203125 0.53359375 0.0359375 0.053125
2 0.4484375 0.55546875 0.134375 0.13125
2 0.4546875 0.4703125 0.0453125 0.071875
2 0.384375 0.2859375 0.0640625 0.065625
2 0.30078125 0.18125 0.184375 0.1328125