2 0.08177651239447073 0.45390625 0.13528487847863163 0.2140625
2 0.14121783798390253 0.4171875 0.09151102076024667 0.0984375
2 0.16073715912471004 0.359375 0.08950285178688593 0.0875
2 0.2081214950942652 0.371875 0.03778384288963732 0.0453125
2 0.2557777450942652 0.371875 0.04766817885919252 0.0578125
2 0.19566525745155486 0.43046875 0.04942167984777566 0.0625
2 0.09978104897204818 0.62734375 0.15703254448624288 0.2109375
2 0.2445828488954985 0.8640625 0.28674921939110265 0.25
2 0.288550366195704 0.94609375 0.288768022737413 0.1078125
2 0.36552540718472476 0.7453125 0.29008907809807083 0.3703125
2 0.5415042698460256 0.884375 0.10936436562705047 0.153125
0 0.3609520178316782 0.4796875 0.2745038873758802 0.25625
2 0.700043692736538 0.51875 0.2039712114824372 0.2125
2 0.567412923459166 0.42734375 0.13729836463846717 0.1484375
2 0.44753416357333436 0.38046875 0.06794618676785795 0.0953125
2 0.5473643617098987 0.5296875 0.04766817885919252 0.0578125
2 0.4815457021280782 0.56328125 0.16092686562705047 0.153125
2 0.46951393433358096 0.47890625 0.060995849809719616 0.078125
2 0.36182481524648946 0.309375 0.07805601581733076 0.075
2 0.25741454646340917 0.2203125 0.21130886760421674 0.1625