2 0.5304923749113091 0.9172221501005164 0.21637040944452862 0.13565479092165802
2 0.5714582633767946 0.8572097438399142 0.10051815046753827 0.09255457694917482
2 0.6293934832243695 0.8340971368536726 0.08956246974937905 0.08904763103285873
2 0.6179519891762978 0.786850114621154 0.045530668617910844 0.03908234736759475
2 0.6190104951282261 0.7391665827699885 0.05963862041330899 0.047385920688572544
2 0.5592764259445813 0.802958753458561 0.06277271077238851 0.04905754809323426
2 0.3594713477839459 0.9106968755057452 0.21338176483072288 0.15898316351699648
2 0.12703136343982885 0.7797916490042082 0.2540627268796577 0.28852681977759875
2 0.05060294623625321 0.7387971159719163 0.10120589247250641 0.2880307680561673
2 0.24772182328886153 0.6513714939247321 0.3750737646343311 0.2942907248570744
2 0.11278426278761947 0.48424353602751663 0.15529655405833437 0.11008930653075488
0 0.514137163647941 0.6405058826773213 0.26092945140261464 0.276245074586922
2 0.48250693120913857 0.30417900227743466 0.2152169756031114 0.20591272721932724
2 0.5715916362259905 0.43151033939341044 0.15077268052176757 0.13805061542376224
2 0.6154320189359396 0.5487052738769811 0.09569429508134383 0.06895338584218216
2 0.4683393711988758 0.456986543747247 0.05963862041330899 0.047385920688572544
2 0.43279678093799206 0.5246204770496912 0.1555965359079618 0.1616518065307547
2 0.5171126936039745 0.5318302871238251 0.08002384328594588 0.06059524881887377
2 0.6844723895456402 0.6306521891232579 0.07699883723582168 0.07767362141421189
2 0.770600266205465 0.7291864036438955 0.16682492739850954 0.21203375244707062