2 0.0984375 0.29453125 0.10625 0.171875
2 0.190625 0.2828125 0.0578125 0.0765625
2 0.2296875 0.23515625 0.0609375 0.0625
2 0.27109375 0.2609375 0.021875 0.0359375
2 0.315625 0.27734375 0.0265625 0.0484375
2 0.2375 0.3125 0.0265625 0.05
2 0.05703125 0.4640625 0.1140625 0.16875
2 0.12265625 0.73203125 0.2109375 0.1625
2 0.1140625 0.9078125 0.228125 0.184375
2 0.28125 0.659375 0.15625 0.303125
2 0.3953125 0.84453125 0.0515625 0.13125
0 0.375 0.41015625 0.1953125 0.1765625
2 0.68046875 0.55234375 0.1328125 0.15625
2 0.5890625 0.42578125 0.0859375 0.1125
2 0.49375 0.34453125 0.03125 0.08125
2 0.5328125 0.51484375 0.025 0.0484375
2 0.45859375 0.52578125 0.1125 0.10625
2 0.478125 0.44296875 0.0328125 0.065625
2 0.43828125 0.2515625 0.053125 0.053125
2 0.37265625 0.1359375 0.1640625 0.0953125